---------, 1, 0, 0, 0, 0, 0, 0, 0, 0
--X-O----, 0.10942708333333334, 0.10942708333333334, -1.0, 0.10942708333333334, -1.0, 0.10942708333333334, 0.10942708333333334, 0.10942708333333334, 0.1134375
--X-OO--X, 0.10828125, 0.10828125, -1.0, 0.116875, -1.0, -1.0, 0.10828125, 0.10828125, -1.0
--XXOO-OX, 0.103125, 0.12375, -1.0, -1.0, -1.0, -1.0, 0.103125, -1.0, -1.0
-XXXOOOOX, 0.1375, -1.0, -1.0, -1.0, -1.0, -1.0, -1.0, -1.0, -1.0
------XO-, 0.10056222842615328, 0.10056222842615328, 0.12519576104702773, 0.13413936418331698, 0.10841596106504217, 0.10056222842615328, -1.0, -1.0, 0.10056222842615328
--X--OXO-, 0.103125, 0.103125, -1.0, 0.103125, 0.1375, -1.0, -1.0, -1.0, 0.103125
-O----X--, 0.11521897492585359, -1.0, 0.1111250079119647, 0.1111250079119647, 0.11519765218098958, 0.1111250079119647, -1.0, 0.1111250079119647, 0.09508334124529803
-O----XOX, 0.116875, -1.0, 0.116875, 0.116875, 0.0825, 0.116875, -1.0, -1.0, -1.0
-OO-X-XOX, 0.1375, -1.0, -1.0, 0.1375, -1.0, 0.055, -1.0, -1.0, -1.0
---O-X---, 0.11229166666666666, 0.11229166666666666, 0.11229166666666666, -1.0, 0.09625, -1.0, 0.11229166666666666, 0.11229166666666666, 0.11229166666666666
-O-OXX---, 0.116875, -1.0, 0.116875, -1.0, -1.0, -1.0, 0.116875, 0.116875, 0.0825
OO-OXX--X, -1.0, -1.0, 0.1375, -1.0, -1.0, -1.0, 0.1375, 0.055, -1.0
XO-------, -1.0, -1.0, 0, 0, 0, 0, 1, 0, 0
XO---OX--, -1.0, -1.0, 0, 1, 0, -1.0, -1.0, 0, 0
X--O-----, -1.0, 1, 0, -1.0, 0, 0, 0, 0, 0
XXOO-----, -1.0, -1.0, -1.0, -1.0, 1, 0, 0, 0, 0
XXOOXO---, -1.0, -1.0, -1.0, -1.0, -1.0, -1.0, 0, 1, 0
XX-O----O, -1.0, -1.0, 1, -1.0, 0, 0, 0, 0, -1.0
XX-O-OX-O, -1.0, -1.0, 0.1375, -1.0, 0.09625, -1.0, -1.0, 0.09625, -1.0
-XO------, 0.09884960024445147, -1.0, -1.0, 0.11541737300378306, 0.11029318968454996, 0.11541737300378306, 0.09918771805586639, 0.11541737300378306, 0.11541737300378306
-XOOX----, 0.12375, -1.0, -1.0, -1.0, -1.0, 0.1065625, 0.1065625, 0.1065625, 0.1065625
X----O---, -1.0, 0, 1, 0, 0, -1.0, 0, 0, 0
X---XOO--, -1.0, 0.09502429962158203, 0.09502429962158203, 0.12187976837158206, -1.0, -1.0, -1.0, 0.11035079956054687, 0.127720832824707
XO-XXOO--, -1.0, -1.0, 0.12375, -1.0, -1.0, -1.0, -1.0, 0.103125, 0.103125
XOXXXOOO-, -1.0, -1.0, -1.0, -1.0, -1.0, -1.0, -1.0, -1.0, 0.21484375
---X---O-, 0.10714735243055556, 0.10714735243055556, 0.10714735243055556, -1.0, 0.10714735243055556, 0.11107421875000001, 0.12318901909722221, -1.0, 0.10714735243055556
---X-OXO-, 0.1375, 0.103125, 0.103125, -1.0, 0.103125, -1.0, -1.0, -1.0, 0.103125
XO----XO-, -1.0, -1.0, 0, 1, 0, 0, -1.0, -1.0, 0
XOO--XXO-, -1.0, -1.0, -1.0, 0.09539062499999999, 0.09539062499999999, -1.0, -1.0, -1.0, 0.13921875
XOOO-XXOX, -1.0, -1.0, -1.0, -1.0, 1, -1.0, -1.0, -1.0, -1.0
--X-----O, 0.1134375, 0.10942708333333334, -1.0, 0.10942708333333334, 0.10942708333333334, 0.10942708333333334, 0.10942708333333334, 0.10942708333333334, -1.0
XOX-----O, -1.0, -1.0, -1.0, 1, 0, 0, 0, 0, -1.0
XOXXO---O, -1.0, -1.0, -1.0, -1.0, -1.0, 0, 1, 0, -1.0
XOXXOO-XO, -1.0, -1.0, -1.0, -1.0, -1.0, -1.0, 0.335693359375, -1.0, -1.0
O-------X, -1.0, 0.10885416666666667, 0.116875, 0.10885416666666667, 0.10885416666666667, 0.10885416666666667, 0.10885416666666667, 0.10885416666666667, -1.0
O-X----OX, -1.0, 0.1065625, -1.0, 0.1065625, 0.1065625, 0.1065625, 0.12375, -1.0, -1.0
OOX---XOX, -1.0, -1.0, -1.0, 0.09625, 0.09625, 0.1375, -1.0, -1.0, -1.0
O-X------, -1.0, 0.11112196180555556, -1.0, 0.11112196180555556, 0.0950802951388889, 0.11112196180555556, 0.11112196180555556, 0.11930989583333333, 0.11112196180555556
O-X-X--O-, -1.0, 0.0825, -1.0, 0.116875, -1.0, 0.116875, 0.116875, -1.0, 0.116875
OXXOX--O-, -1.0, -1.0, -1.0, -1.0, -1.0, 0.055, 0.1375, -1.0, 0.1375
-OX---X-O, 0.11, -1.0, -1.0, 0.11, 0.11, 0.11, -1.0, 0.11, -1.0
XOXO--X-O, -1.0, -1.0, -1.0, -1.0, 1.0, 0.0, -1.0, 0.0, -1.0
XOXOOXX-O, -1.0, -1.0, -1.0, -1.0, -1.0, -1.0, -1.0, 0.11, -1.0
---O---X-, 0.11349693015769677, 0.12135066279658566, 0.10547609682436343, -1.0, 0.11324801974826389, 0.10547609682436343, 0.10547609682436343, -1.0, 0.10547609682436343
X-OO---X-, -1.0, 0.1065625, -1.0, -1.0, 0.1065625, 0.1065625, 0.1065625, -1.0, 0.12375
X-OOO--XX, -1.0, 0.09625, -1.0, -1.0, -1.0, 0.09625, 0.1375, -1.0, -1.0
----X---O, 0.10772026909722222, 0.10772026909722222, 0.11574110243055556, 0.10772026909722222, -1.0, 0.10772026909722222, 0.11565755208333334, 0.10772026909722222, -1.0
-O--X--XO, 0.11, -1.0, 0.11, 0.11, -1.0, 0.11, 0.11, -1.0, -1.0
XOO-X--XO, -1.0, -1.0, -1.0, 0.0, -1.0, 0.41563704606844115, 0.0, -1.0, -1.0
XOOOXX-XO, -1.0, -1.0, -1.0, -1.0, -1.0, -1.0, 0.11, -1.0, -1.0
-X-O-----, 0.09625, -1.0, 0.11229166666666666, -1.0, 0.11229166666666666, 0.11229166666666666, 0.11229166666666666, 0.11229166666666666, 0.11229166666666666
XXOOO--X-, -1.0, -1.0, -1.0, -1.0, -1.0, 0.055, 0.1375, -1.0, 0.1375
---X-O---, 0.11806708441840277, 0.11815237539785879, 0.10996444137008102, -1.0, 0.10996444137008102, -1.0, 0.09392277470341436, 0.10996444137008102, 0.10996444137008102
O--X-OX--, -1.0, 0.116875, 0.116875, -1.0, 0.0825, -1.0, -1.0, 0.116875, 0.116875
O-OXXOX--, -1.0, 0.1375, -1.0, -1.0, -1.0, -1.0, -1.0, 0.055, 0.1375
-------XO, 0.11607242866798684, 0.11607242866798684, 0.1002004736441153, 0.11607242866798684, 0.11607242866798684, 0.11607242866798684, 0.08943738301595051, -1.0, -1.0
---O--XXO, 0.10828125, 0.10828125, 0.10828125, -1.0, 0.10828125, 0.116875, -1.0, -1.0, -1.0
--OO-XXXO, 0.09539062499999999, 0.13921875, -1.0, -1.0, 0.09539062499999999, -1.0, -1.0, -1.0, -1.0
OXOO-XXXO, -1.0, -1.0, -1.0, -1.0, 0.171875, -1.0, -1.0, -1.0, -1.0
-----XO--, 0.11458333333333333, 0.0825, 0.11458333333333333, 0.11458333333333333, 0.11458333333333333, -1.0, -1.0, 0.11458333333333333, 0.11458333333333333
-X---XOO-, 0.09281249999999999, -1.0, 0.131484375, 0.06273437500000001, 0.131484375, -1.0, -1.0, -1.0, 0.131484375
OOX----X-, -1.0, -1.0, -1.0, 0.1065625, 0.1065625, 0.1065625, 0.1065625, -1.0, 0.12375
OOXO---XX, -1.0, -1.0, -1.0, -1.0, 0.09625, 0.1375, 0.09625, -1.0, -1.0
-X--O----, 0.11229166666666666, -1.0, 0.11229166666666666, 0.11229166666666666, -1.0, 0.11229166666666666, 0.11229166666666666, 0.11229166666666666, 0.09625
-X--OO--X, 0.116875, -1.0, 0.116875, 0.116875, -1.0, -1.0, 0.116875, 0.0825, -1.0
-X--OOOXX, 0.055, -1.0, 0.1375, 0.1375, -1.0, -1.0, -1.0, -1.0, -1.0
--O-----X, 0.10942708333333334, 0.10942708333333334, -1.0, 0.10942708333333334, 0.10942708333333334, 0.1134375, 0.10942708333333334, 0.10942708333333334, -1.0
--O-XO--X, 0.11, 0.11, -1.0, 0.11, -1.0, -1.0, 0.11, 0.11, -1.0
O-O-XOX-X, -1.0, 0.11, -1.0, 0.11, -1.0, -1.0, -1.0, 0.11, -1.0
O-OXXOXOX, -1.0, 0.11, -1.0, -1.0, -1.0, -1.0, -1.0, -1.0, -1.0
-----O--X, 0.11062588161892362, 0.11062588161892362, 0.11864671495225695, 0.11062588161892362, 0.11062588161892362, -1.0, 0.098223876953125, 0.11062588161892362, -1.0
-OX--O--X, 0.1065625, -1.0, -1.0, 0.1065625, 0.1065625, -1.0, 0.12375, 0.1065625, -1.0
-OXO-OX-X, 0.09625, -1.0, -1.0, -1.0, 0.09625, -1.0, -1.0, 0.1375, -1.0
X---O----, -1.0, 0, 0, 0, -1.0, 0, 1, 0, 0
XO--O---X, -1.0, -1.0, 0.10489746093749999, 0.10489746093749999, -1.0, 0.10489746093749999, 0.12181640625, 0.1134912109375, -1.0
XOO-O--XX, -1.0, -1.0, -1.0, 0.13921875, -1.0, 0.09539062499999999, 0.09539062499999999, -1.0, -1.0
XOOXOO-XX, -1.0, -1.0, -1.0, -1.0, -1.0, -1.0, 0.2685546875, -1.0, -1.0
---XO----, 0.11, 0.11, 0.11, -1.0, -1.0, 0.11, 0.11, 0.11, 0.11
X--XOO---, -1.0, 0.0714511513710022, 0.1168322056531906, -1.0, -1.0, -1.0, 0.13559746444225312, 0.10878343284130097, 0.11733574569225312
X-XXOOO--, -1.0, 0.103125, -1.0, -1.0, -1.0, -1.0, -1.0, 0.103125, 0.12375
XOXXOOO-X, -1.0, -1.0, -1.0, -1.0, -1.0, -1.0, -1.0, 0.11, -1.0
-X------O, 0.10995225694444444, -1.0, 0.10995225694444444, 0.09391059027777779, 0.12632812499999999, 0.10995225694444444, 0.10995225694444444, 0.10995225694444444, -1.0
OX-X----O, -1.0, -1.0, 0.116875, -1.0, 0.0825, 0.116875, 0.116875, 0.116875, -1.0
OXOXX---O, -1.0, -1.0, -1.0, -1.0, -1.0, 0.1375, 0.055, 0.1375, -1.0
X-------O, -1.0, 0, 1, 0, 0, 0, 0, 0, -1.0
X-XO----O, -1.0, 1, -1.0, -1.0, 0, 0, 0, 0, -1.0
XOXO-X--O, -1.0, -1.0, -1.0, -1.0, 0.103125, -1.0, 0.12375, 0.103125, -1.0
XOXO-XXOO, -1.0, -1.0, -1.0, -1.0, 1, -1.0, -1.0, -1.0, -1.0
----OX---, 0.11458333333333333, 0.11458333333333333, 0.11458333333333333, 0.0825, -1.0, -1.0, 0.11458333333333333, 0.11458333333333333, 0.11458333333333333
-O-XOX---, 0.12375, -1.0, 0.12375, -1.0, -1.0, -1.0, 0.055, 0.12375, 0.12375
--OO-X--X, 0.12364257812500001, 0.115048828125, -1.0, -1.0, 0.115048828125, -1.0, 0.115048828125, 0.0812109375, -1.0
XOOO-X--X, -1.0, -1.0, -1.0, -1.0, 0.103125, -1.0, 0.103125, 0.12375, -1.0
XOOOOX-XX, -1.0, -1.0, -1.0, -1.0, -1.0, -1.0, 0.171875, -1.0, -1.0
O-----X--, -1.0, 0.11128906250000001, 0.11128906250000001, 0.11128906250000001, 0.11128906250000001, 0.102265625, -1.0, 0.11128906250000001, 0.11128906250000001
OXO---X--, -1.0, -1.0, -1.0, 0.11, 0.11, 0.11, -1.0, 0.11, 0.11
OXOOX-X--, -1.0, -1.0, -1.0, -1.0, -1.0, 0.11, -1.0, 0.11, 0.11
OXOOX-XOX, -1.0, -1.0, -1.0, -1.0, -1.0, 0.11, -1.0, -1.0, -1.0
-XO-X--O-, 0.116875, -1.0, -1.0, 0.0825, -1.0, 0.116875, 0.116875, -1.0, 0.116875
-XOXX--OO, 0.055, -1.0, -1.0, -1.0, -1.0, 0.1375, 0.1375, -1.0, -1.0
X------O-, -1.0, 0, 0, 0, 0, 0, 1, -1.0, 0
X-----XOO, -1.0, 0, 0, 1, 0, 0, -1.0, -1.0, -1.0
X---O-XO-, -1.0, 0, 0, 1, -1.0, 0, -1.0, -1.0, 0
----O---X, 0.10763671875, 0.10763671875, 0.10763671875, 0.10763671875, -1.0, 0.10763671875, 0.12417968750000001, 0.10763671875, -1.0
O---O-X-X, -1.0, 0.1065625, 0.1065625, 0.1065625, -1.0, 0.12375, -1.0, 0.1065625, -1.0
OO--OXX-X, -1.0, -1.0, 0.1375, 0.09625, -1.0, -1.0, -1.0, 0.09625, -1.0
-----O-X-, 0.10603414073402499, 0.10603414073402499, 0.10603414073402499, 0.1100236698138861, 0.11004455740069165, -1.0, 0.11000289101659516, -1.0, 0.12182645956675212
---OXO-X-, 0.10828125, 0.10828125, 0.10828125, -1.0, -1.0, -1.0, 0.116875, -1.0, 0.10828125
---OXOXXO, 0.12375, 0.103125, 0.103125, -1.0, -1.0, -1.0, -1.0, -1.0, -1.0
XO-OXOXXO, -1.0, -1.0, 0.2685546875, -1.0, -1.0, -1.0, -1.0, -1.0, -1.0
XOX--OX-O, -1.0, -1.0, -1.0, 0.07906250000000001, 0.171875, -1.0, -1.0, 0.07906250000000001, -1.0
---O----X, 0.11360410337094907, 0.09772953739872685, 0.11360410337094907, -1.0, 0.11360410337094907, 0.10424994574652778, 0.11360410337094907, 0.11360410337094907, -1.0
---OOX--X, 0.12375, 0.1065625, 0.1065625, -1.0, -1.0, -1.0, 0.1065625, 0.1065625, -1.0
XO-OOX--X, -1.0, -1.0, 0.1375, -1.0, -1.0, -1.0, 0.09625, 0.09625, -1.0
XOO---X--, -1.0, -1.0, -1.0, 0, 0, 0, -1.0, 0, 1
XOOO--XX-, -1.0, -1.0, -1.0, -1.0, 0.0, 0.0, -1.0, -1.0, 0.41961669921875
X-O------, -1.0, 0, -1.0, 0, 1, 0, 0, 0, 0
X-O---O-X, -1.0, 0, -1.0, 0, 1, 0, -1.0, 0, -1.0
X-O--XOOX, -1.0, 0.12226959228515626, -1.0, 0.12517501831054687, 0.08255538940429688, -1.0, -1.0, -1.0, -1.0
XOOX-XOOX, -1.0, -1.0, -1.0, -1.0, 0.2685546875, -1.0, -1.0, -1.0, -1.0
OX-O----X, -1.0, -1.0, 0.116875, -1.0, 0.116875, 0.0825, 0.116875, 0.116875, -1.0
OXOO-X--X, -1.0, -1.0, -1.0, -1.0, 0.055, -1.0, 0.1375, 0.1375, -1.0
XXO-O----, -1.0, -1.0, -1.0, 0.129658203125, -1.0, 0.129658203125, 0.069501953125, 0.129658203125, 0.0915234375
XXOOO-X--, -1.0, -1.0, -1.0, -1.0, -1.0, 0.20796875000000004, -1.0, 0.037812500000000006, 0.08421875000000001
----X--O-, 0.10942708333333334, 0.10942708333333334, 0.10942708333333334, 0.10942708333333334, -1.0, 0.10942708333333334, 0.1134375, -1.0, 0.10942708333333334
O---X-XO-, -1.0, 0.10828125, 0.10828125, 0.10828125, -1.0, 0.116875, -1.0, -1.0, 0.10828125
O---XXXOO, -1.0, 0.12375, 0.103125, 0.103125, -1.0, -1.0, -1.0, -1.0, -1.0
OXO-XXXOO, -1.0, -1.0, -1.0, 0.1375, -1.0, -1.0, -1.0, -1.0, -1.0
----O-XOX, 0.1065625, 0.1065625, 0.12375, 0.1065625, -1.0, 0.1065625, -1.0, -1.0, -1.0
O-X-O-XOX, -1.0, 0.11, -1.0, 0.11, -1.0, 0.11, -1.0, -1.0, -1.0
O-XXOOXOX, -1.0, 0.11, -1.0, -1.0, -1.0, -1.0, -1.0, -1.0, -1.0
XOX--O---, -1.0, -1.0, -1.0, 0, 1, -1.0, 0, 0, 0
XOX--OXO-, -1.0, -1.0, -1.0, 0.030722656250000008, 0.2685546875, -1.0, -1.0, -1.0, 0.030722656250000008
-----OXOX, 0.1155859375, 0.1155859375, 0.08765625, 0.1155859375, 0.1155859375, -1.0, -1.0, -1.0, -1.0
O-X--OXOX, -1.0, 0.103125, -1.0, 0.12375, 0.103125, -1.0, -1.0, -1.0, -1.0
OOXX-OXOX, -1.0, -1.0, -1.0, -1.0, 0.1375, -1.0, -1.0, -1.0, -1.0
-X-----O-, 0.1117068142361111, -1.0, 0.1117068142361111, 0.1117068142361111, 0.1117068142361111, 0.09566514756944444, 0.11580078125, -1.0, 0.1117068142361111
XXO--XOO-, -1.0, -1.0, -1.0, 0.055, 0.1375, -1.0, -1.0, -1.0, 0.1375
----O-X--, 0.0972029962896565, 0.11342427446855685, 0.12163374768700373, 0.10943474538869574, -1.0, 0.10943474538869574, -1.0, 0.10943474538869574, 0.10943474538869574
--X-O-XO-, 0.10828125, 0.116875, -1.0, 0.10828125, -1.0, 0.10828125, -1.0, -1.0, 0.10828125
-XX-O-XOO, 0.103125, -1.0, -1.0, 0.12375, -1.0, 0.103125, -1.0, -1.0, -1.0
-XXXOOXOO, 0.171875, -1.0, -1.0, -1.0, -1.0, -1.0, -1.0, -1.0, -1.0
-X--O-X-O, 0.10828125, -1.0, 0.10828125, 0.10828125, -1.0, 0.116875, -1.0, 0.10828125, -1.0
-XO-OXX-O, 0.103125, -1.0, -1.0, 0.12375, -1.0, -1.0, -1.0, 0.103125, -1.0
-XOXOXXOO, 0.1375, -1.0, -1.0, -1.0, -1.0, -1.0, -1.0, -1.0, -1.0
O-X-X---O, -1.0, 0.1065625, -1.0, 0.1065625, -1.0, 0.12375, 0.1065625, 0.1065625, -1.0
O-X-XXO-O, -1.0, 0.09625, -1.0, 0.1375, -1.0, -1.0, -1.0, 0.09625, -1.0
O---X----, -1.0, 0.11, 0.11, 0.11, -1.0, 0.11, 0.11, 0.11, 0.11
O-X-XO---, -1.0, 0.11, -1.0, 0.11, -1.0, -1.0, 0.11, 0.11, 0.11
OXX-XOO--, -1.0, -1.0, -1.0, 0.11, -1.0, -1.0, -1.0, 0.11, 0.11
OXXXXOOO-, -1.0, -1.0, -1.0, -1.0, -1.0, -1.0, -1.0, -1.0, 0.11
XO---XXOO, -1.0, -1.0, 0.0, 0.5578194977715611, 0.0, -1.0, -1.0, -1.0, -1.0
-----OX--, 0.1632920801418799, 0.09797777277084045, 0.09797777277084045, 0.1019881894375071, 0.09797777277084045, -1.0, -1.0, 0.11280863933725122, 0.09797777277084045
---XOOX--, 0.10828125, 0.10828125, 0.116875, -1.0, -1.0, -1.0, -1.0, 0.10828125, 0.10828125
--XXOOXO-, 0.103125, 0.12375, -1.0, -1.0, -1.0, -1.0, -1.0, -1.0, 0.103125
O----OX-X, -1.0, 0.11, 0.11, 0.11, 0.11, -1.0, -1.0, 0.11, -1.0
O--XOOX-X, -1.0, 0.11, 0.11, -1.0, -1.0, -1.0, -1.0, 0.11, -1.0
OX-XOOXOX, -1.0, -1.0, 0.11, -1.0, -1.0, -1.0, -1.0, -1.0, -1.0
XOX---O--, -1.0, -1.0, -1.0, 0.1065625, 0.1065625, 0.12375, -1.0, 0.1065625, 0.1065625
XOXO-XO--, -1.0, -1.0, -1.0, -1.0, 0.09625, -1.0, -1.0, 0.09625, 0.1375
X--O-O-X-, -1.0, 0.11322265625, 0.1048974609375, -1.0, 0.1220849609375, -1.0, 0.1048974609375, -1.0, 0.1048974609375
X-OOXO-X-, -1.0, 0.1375, -1.0, -1.0, -1.0, -1.0, 0.09625, -1.0, 0.09625
--O--X---, 0.10942708333333334, 0.10942708333333334, -1.0, 0.10942708333333334, 0.10942708333333334, -1.0, 0.1134375, 0.10942708333333334, 0.10942708333333334
--OO-XX--, 0.10828125, 0.10828125, -1.0, -1.0, 0.10828125, -1.0, -1.0, 0.116875, 0.10828125
-XOO--X--, 0.0825, -1.0, -1.0, -1.0, 0.116875, 0.116875, -1.0, 0.116875, 0.116875
O--X-X-O-, -1.0, 0.116875, 0.10828125, -1.0, 0.10828125, -1.0, 0.10828125, -1.0, 0.10828125
OX-XOX-O-, -1.0, -1.0, 0.103125, -1.0, -1.0, -1.0, 0.103125, -1.0, 0.12375
OX-XOXOOX, -1.0, -1.0, 0.1375, -1.0, -1.0, -1.0, -1.0, -1.0, -1.0
-----OXXO, 0.10299407958984375, 0.10299407958984375, 0.129429931640625, 0.11158782958984376, 0.10299407958984375, -1.0, -1.0, -1.0, -1.0
O--X-OXXO, -1.0, 0.09539062499999999, 0.09539062499999999, -1.0, 0.13921875, -1.0, -1.0, -1.0, -1.0
OO-XXOXXO, -1.0, -1.0, 0.171875, -1.0, -1.0, -1.0, -1.0, -1.0, -1.0
----XO---, 0.10828721788194445, 0.10828721788194445, 0.11630805121527779, 0.112255859375, -1.0, -1.0, 0.10828721788194445, 0.10828721788194445, 0.10828721788194445
--XOXO---, 0.1065625, 0.12375, -1.0, -1.0, -1.0, -1.0, 0.1065625, 0.1065625, 0.1065625
-XXOXOO--, 0.1375, -1.0, -1.0, -1.0, -1.0, -1.0, -1.0, 0.09625, 0.09625
-X---O---, 0.11, -1.0, 0.11, 0.11, 0.11, -1.0, 0.11, 0.11, 0.11
-XO-XO---, 0.10828125, -1.0, -1.0, 0.116875, -1.0, -1.0, 0.10828125, 0.10828125, 0.10828125
OXO-XO--X, -1.0, -1.0, -1.0, 0.11, -1.0, -1.0, 0.11, 0.11, -1.0
OXO-XOXOX, -1.0, -1.0, -1.0, 0.11, -1.0, -1.0, -1.0, -1.0, -1.0
X--O-X-O-, -1.0, 0.11322265625, 0.13041015625, -1.0, 0.079921875, -1.0, 0.11322265625, -1.0, 0.11322265625
X-XOOX-O-, -1.0, 0.1375, -1.0, -1.0, -1.0, -1.0, 0.09625, -1.0, 0.09625
-OX------, 0.11229166666666666, -1.0, -1.0, 0.09625, 0.11229166666666666, 0.11229166666666666, 0.11229166666666666, 0.11229166666666666, 0.11229166666666666
-OXXO----, 0.116875, -1.0, -1.0, -1.0, -1.0, 0.116875, 0.0825, 0.116875, 0.116875
OOXXO-X--, -1.0, -1.0, -1.0, -1.0, -1.0, 0.055, -1.0, 0.1375, 0.1375
XXOOO---X, -1.0, -1.0, -1.0, -1.0, -1.0, 0.1890625, 0.1065625, 0.034375, -1.0
-X--OX--O, 0.11, -1.0, 0.11, 0.11, -1.0, -1.0, 0.11, 0.11, -1.0
-X-OOX-XO, 0.11, -1.0, 0.11, -1.0, -1.0, -1.0, 0.11, -1.0, -1.0
XXOOOX-XO, -1.0, -1.0, -1.0, -1.0, -1.0, -1.0, 0.11, -1.0, -1.0
X-O-O--X-, -1.0, 0.114296875, -1.0, 0.09281249999999999, -1.0, 0.114296875, 0.114296875, -1.0, 0.114296875
XOOXO--X-, -1.0, -1.0, -1.0, -1.0, -1.0, 0.090234375, 0.13148437500000001, -1.0, 0.10828125
X--OX-O--, -1.0, 0.110107421875, 0.10151367187499999, -1.0, -1.0, 0.10151367187499999, -1.0, 0.10151367187499999, 0.1353515625
XXOOX-O--, -1.0, -1.0, -1.0, -1.0, -1.0, 0, -1.0, 0, 1
XXOOXXO-O, -1.0, -1.0, -1.0, -1.0, -1.0, -1.0, -1.0, 1.0, -1.0
X-XOO----, -1.0, 0.116875, -1.0, -1.0, -1.0, 0.116875, 0.0825, 0.116875, 0.116875
X-XOO-XO-, -1.0, 0.41961669921875, -1.0, -1.0, -1.0, 0.0, -1.0, -1.0, 0.0
XOO-X----, -1.0, -1.0, -1.0, 0, -1.0, 1, 0, 0, 0
XOO-XOX--, -1.0, -1.0, -1.0, 0.1375, -1.0, -1.0, -1.0, 0.09625, 0.09625
X-----OXO, -1.0, 0.10645507812499999, 0.10645507812499999, 0.10645507812499999, 0.12417968750000001, 0.10645507812499999, -1.0, -1.0, -1.0
XO--X-OXO, -1.0, -1.0, 0.09539062499999999, 0.13921875, -1.0, 0.09539062499999999, -1.0, -1.0, -1.0
XOOXX-OXO, -1.0, -1.0, -1.0, -1.0, -1.0, 0.2685546875, -1.0, -1.0, -1.0
--XO-OXOX, 0.055, 0.1375, -1.0, -1.0, 0.1375, -1.0, -1.0, -1.0, -1.0
X----OO-X, -1.0, 0, 0, 0, 1, -1.0, -1.0, 0, -1.0
XO-XOO--X, -1.0, -1.0, 0.05757812500000001, -1.0, -1.0, -1.0, 0.21484375, 0.05757812500000001, -1.0
--O----X-, 0.11112196180555556, 0.11112196180555556, -1.0, 0.11112196180555556, 0.11112196180555556, 0.1191427951388889, 0.09524739583333333, -1.0, 0.11112196180555556
--O--X-XO, 0.1065625, 0.1065625, -1.0, 0.1065625, 0.12375, -1.0, 0.1065625, -1.0, -1.0
--OOXX-XO, 0.09625, 0.1375, -1.0, -1.0, -1.0, -1.0, 0.09625, -1.0, -1.0
X-----O--, -1.0, 0, 0, 0, 0, 0, -1.0, 0, 1
X-X---O-O, -1.0, 1, -1.0, 0, 0, 0, -1.0, 0, -1.0
XOXX--O-O, -1.0, -1.0, -1.0, -1.0, 0.11, 0.11, -1.0, 0.11, -1.0
XOXXO-OXO, -1.0, -1.0, -1.0, -1.0, -1.0, 0.11, -1.0, -1.0, -1.0
---X--O--, 0.11229166666666666, 0.11229166666666666, 0.11229166666666666, -1.0, 0.11229166666666666, 0.11229166666666666, -1.0, 0.11229166666666666, 0.09625
-O-X--O-X, 0.0825, -1.0, 0.116875, -1.0, 0.116875, 0.116875, -1.0, 0.116875, -1.0
XO-XO-O-X, -1.0, -1.0, 0.1375, -1.0, -1.0, 0.055, -1.0, 0.1375, -1.0
--O-X----, 0.10768144678186488, 0.10768144678186488, -1.0, 0.10768144678186488, -1.0, 0.11992179022894965, 0.10768144678186488, 0.11167097586172599, 0.10768144678186488
--O-XXO--, 0.10489746093749999, 0.10489746093749999, -1.0, 0.10489746093749999, -1.0, -1.0, -1.0, 0.12181640625, 0.1134912109375
--OOXXO-X, 0.103125, 0.12375, -1.0, -1.0, -1.0, -1.0, -1.0, 0.103125, -1.0
-XOOXXOOX, 0.1375, -1.0, -1.0, -1.0, -1.0, -1.0, -1.0, -1.0, -1.0
--O---XOX, 0.11, 0.11, -1.0, 0.11, 0.11, 0.11, -1.0, -1.0, -1.0
O-OX--XOX, -1.0, 0.11, -1.0, -1.0, 0.11, 0.11, -1.0, -1.0, -1.0
O-OXOXXOX, -1.0, 0.11, -1.0, -1.0, -1.0, -1.0, -1.0, -1.0, -1.0
XX-O---O-, -1.0, -1.0, 0, -1.0, 0, 1, 0, -1.0, 0
XXOO---OX, -1.0, -1.0, -1.0, -1.0, 0.11, 0.11, 0.11, -1.0, -1.0
XXOOO-XOX, -1.0, -1.0, -1.0, -1.0, -1.0, 0.11, -1.0, -1.0, -1.0
-O-X-----, 0.1169704861111111, -1.0, 0.1169704861111111, -1.0, 0.1169704861111111, 0.08421875, 0.1169704861111111, 0.1169704861111111, 0.10092881944444444
OO-X----X, -1.0, -1.0, 0.115048828125, -1.0, 0.115048828125, 0.080673828125, 0.12417968750000001, 0.115048828125, -1.0
OO-X-XO-X, -1.0, -1.0, 0.1375, -1.0, 0.1375, -1.0, -1.0, 0.055, -1.0
X----OXO-, -1.0, 0, 0, 1, 0, -1.0, -1.0, -1.0, 0
X-O-OX---, -1.0, 0.131484375, -1.0, 0.06273437500000001, -1.0, -1.0, 0.131484375, 0.09281249999999999, 0.131484375
-O--X-XO-, 0.1048974609375, -1.0, 0.1048974609375, 0.1220849609375, -1.0, 0.11322265625, -1.0, -1.0, 0.1048974609375
-OOXX-XO-, 0.09625, -1.0, -1.0, -1.0, -1.0, 0.1375, -1.0, -1.0, 0.09625
--OOOX-XX, 0.1375, 0.055, -1.0, -1.0, -1.0, -1.0, 0.1375, -1.0, -1.0
X----XOO-, -1.0, 0.12417968750000001, 0.08765625, 0.08980468750000001, 0.12417968750000001, -1.0, -1.0, -1.0, 0.12417968750000001
X-OX-XOO-, -1.0, 0.055, -1.0, -1.0, 0.1375, -1.0, -1.0, -1.0, 0.1375
XO--O-X--, -1.0, -1.0, 0, 1, -1.0, 0, -1.0, 0, 0
--X---O--, 0.11458333333333333, 0.0825, -1.0, 0.11458333333333333, 0.11458333333333333, 0.11458333333333333, -1.0, 0.11458333333333333, 0.11458333333333333
-XX---OO-, 0.12375, -1.0, -1.0, 0.12375, 0.12375, 0.055, -1.0, -1.0, 0.12375
-X-O---XO, 0.103125, -1.0, 0.103125, -1.0, 0.1375, 0.103125, 0.103125, -1.0, -1.0
XOX---OXO, -1.0, -1.0, -1.0, 0.11, 0.11, 0.11, -1.0, -1.0, -1.0
-------OX, 0.11229166666666666, 0.11229166666666666, 0.11229166666666666, 0.09625, 0.11229166666666666, 0.11229166666666666, 0.11229166666666666, -1.0, -1.0
---XO--OX, 0.116875, 0.116875, 0.116875, -1.0, -1.0, 0.116875, 0.0825, -1.0, -1.0
O--XO-XOX, -1.0, 0.1375, 0.055, -1.0, -1.0, 0.1375, -1.0, -1.0, -1.0
-X---OXO-, 0.10828125, -1.0, 0.116875, 0.10828125, 0.10828125, -1.0, -1.0, -1.0, 0.10828125
-XXO-OXO-, 0.103125, -1.0, -1.0, -1.0, 0.103125, -1.0, -1.0, -1.0, 0.12375
OXXO-OXOX, -1.0, -1.0, -1.0, -1.0, 0.1375, -1.0, -1.0, -1.0, -1.0
--OX--XO-, 0.1065625, 0.1065625, -1.0, -1.0, 0.1065625, 0.12375, -1.0, -1.0, 0.1065625
--OX-XXOO, 0.09625, 0.09625, -1.0, -1.0, 0.1375, -1.0, -1.0, -1.0, -1.0
XOO-X-XO-, -1.0, -1.0, -1.0, 0.0, -1.0, 0.0, -1.0, -1.0, 0.41961669921875
-XOXXOO--, 0.12375, -1.0, -1.0, -1.0, -1.0, -1.0, -1.0, 0.103125, 0.103125
XXOXXOOO-, -1.0, -1.0, -1.0, -1.0, -1.0, -1.0, -1.0, -1.0, 0.41961669921875
---OX-X-O, 0.1065625, 0.1065625, 0.1065625, -1.0, -1.0, 0.1065625, -1.0, 0.12375, -1.0
O--OX-XXO, -1.0, 0.09625, 0.1375, -1.0, -1.0, 0.09625, -1.0, -1.0, -1.0
X-OXO----, -1.0, 0.11386220455169678, -1.0, -1.0, -1.0, 0.09667470455169679, 0.12945516109466554, 0.09667470455169679, 0.11333322525024414
XXOXOO---, -1.0, -1.0, -1.0, -1.0, -1.0, -1.0, 0.171875, 0.07906250000000001, 0.07906250000000001
-X--XOO--, 0.11, -1.0, 0.11, 0.11, -1.0, -1.0, -1.0, 0.11, 0.11
O--X-----, -1.0, 0.1088571506076389, 0.1088571506076389, -1.0, 0.1088571506076389, 0.1088571506076389, 0.1128466796875, 0.1088571506076389, 0.11286756727430555
OO-XO-X-X, -1.0, -1.0, 0.12375, -1.0, -1.0, 0.103125, -1.0, 0.103125, -1.0
OOXXOOX-X, -1.0, -1.0, -1.0, -1.0, -1.0, -1.0, -1.0, 0.1375, -1.0
X-OX-O---, -1.0, 0.10698589324951172, -1.0, -1.0, 0.06924504280090332, -1.0, 0.13175114631652832, 0.13175114631652832, 0.11026677131652832
X-OX-OO-X, -1.0, 0.055, -1.0, -1.0, 0.1375, -1.0, -1.0, 0.1375, -1.0
XO---X--O, -1.0, -1.0, 0.10462890625000001, 0.131484375, 0.10462890625000001, -1.0, 0.10462890625000001, 0.10462890625000001, -1.0
XO-XOX--O, -1.0, -1.0, 0.090234375, -1.0, -1.0, -1.0, 0.13148437500000001, 0.10828125, -1.0
XO-O----X, -1.0, -1.0, 0.11708984375, -1.0, 0.133203125, 0.09990234375000001, 0.09990234375000001, 0.09990234375000001, -1.0
XOXOO---X, -1.0, -1.0, -1.0, -1.0, -1.0, 0.1375, 0.09625, 0.09625, -1.0
X--XO---O, -1.0, 0.09683004263788463, 0.10079512591473758, -1.0, -1.0, 0.07404259438626468, 0.17753711114637555, 0.10079512591473758, -1.0
--OOX--X-, 0.10489746093749999, 0.10489746093749999, -1.0, -1.0, -1.0, 0.1134912109375, 0.10489746093749999, -1.0, 0.12181640625
--OOXXOX-, 0.103125, 0.103125, -1.0, -1.0, -1.0, -1.0, -1.0, -1.0, 0.12375
-OOOXXOXX, 0.1375, -1.0, -1.0, -1.0, -1.0, -1.0, -1.0, -1.0, -1.0
XXO-O-XO-, -1.0, -1.0, -1.0, 0.12890625, -1.0, 0.110859375, -1.0, -1.0, 0.09023437499999999
XOO-O-X-X, -1.0, -1.0, -1.0, 1, -1.0, 0, -1.0, 0, -1.0
XOOOOXX-X, -1.0, -1.0, -1.0, -1.0, -1.0, -1.0, -1.0, 0.41961669921875, -1.0
X---O-X-O, -1.0, 0, 0, 1, -1.0, 0, -1.0, 0, -1.0
XO--OXX-O, -1.0, -1.0, 0.0515625, 0.12890625, -1.0, -1.0, -1.0, 0.14953125, -1.0
XOO-OXXXO, -1.0, -1.0, -1.0, 0.21484375, -1.0, -1.0, -1.0, -1.0, -1.0
---XOO-X-, 0.116875, 0.10828125, 0.10828125, -1.0, -1.0, -1.0, 0.10828125, -1.0, 0.10828125
X--XOOOX-, -1.0, 0.09539062499999999, 0.13921875, -1.0, -1.0, -1.0, -1.0, -1.0, 0.09539062499999999
X-XXOOOXO, -1.0, 0.335693359375, -1.0, -1.0, -1.0, -1.0, -1.0, -1.0, -1.0
--XO-----, 0.10658637152777778, 0.10658637152777778, -1.0, -1.0, 0.10658637152777778, 0.10658637152777778, 0.11460720486111112, 0.10658637152777778, 0.1224609375
--XOO-X--, 0.1065625, 0.1065625, -1.0, -1.0, -1.0, 0.1065625, -1.0, 0.1065625, 0.12375
--XOO-XOX, 0.05757812500000001, 0.05757812500000001, -1.0, -1.0, -1.0, 0.21484375, -1.0, -1.0, -1.0
XOO--X---, -1.0, -1.0, -1.0, 0.10325843811035156, 0.11991302490234375, -1.0, 0.11171791076660156, 0.11185218811035157, 0.10325843811035156
XOOO-X-X-, -1.0, -1.0, -1.0, -1.0, 0.12375, -1.0, 0.103125, -1.0, 0.103125
XOOOXXOX-, -1.0, -1.0, -1.0, -1.0, -1.0, -1.0, -1.0, -1.0, 0.5245208740234375
X--OOX---, -1.0, 0.10479171752929686, 0.10479171752929686, -1.0, -1.0, -1.0, 0.10479171752929686, 0.12251632690429688, 0.11310852050781249
XO-OOX-X-, -1.0, -1.0, 0.1173046875, -1.0, -1.0, -1.0, 0.0966796875, -1.0, 0.116015625
XOXOOXOX-, -1.0, -1.0, -1.0, -1.0, -1.0, -1.0, -1.0, -1.0, 0.1375
XO----O-X, -1.0, -1.0, 0, 0, 1, 0, -1.0, 0, -1.0
XOO--XO-X, -1.0, -1.0, -1.0, 0.10828125, 0.13148437500000001, -1.0, -1.0, 0.090234375, -1.0
O----XXO-, -1.0, 0.114296875, 0.114296875, 0.09281249999999999, 0.114296875, -1.0, -1.0, -1.0, 0.114296875
OO-X-XXO-, -1.0, -1.0, 0.09625, -1.0, 0.1375, -1.0, -1.0, -1.0, 0.09625
O-----XOX, -1.0, 0.11, 0.11, 0.11, 0.11, 0.11, -1.0, -1.0, -1.0
OXOXO-XOX, -1.0, -1.0, -1.0, -1.0, -1.0, 0.11, -1.0, -1.0, -1.0
------X-O, 0.11239822081577631, 0.10437738748244298, 0.10437738748244298, 0.11214931040634343, 0.1202519534546652, 0.10437738748244298, -1.0, 0.11206835287588615, -1.0
X--O--X-O, -1.0, 0.1065625, 0.12375, -1.0, 0.1065625, 0.1065625, -1.0, 0.1065625, -1.0
X-XOO-X-O, -1.0, 0.1925537109375, -1.0, -1.0, -1.0, 0.11158447265624999, -1.0, 0.02586181640625, -1.0
--X--O---, 0.11, 0.11, -1.0, 0.11, 0.11, -1.0, 0.11, 0.11, 0.11
O-X--O--X, -1.0, 0.11, -1.0, 0.11, 0.11, -1.0, 0.11, 0.11, -1.0
O-XX-OO-X, -1.0, 0.11, -1.0, -1.0, 0.11, -1.0, -1.0, 0.11, -1.0
OXXXOOO-X, -1.0, -1.0, -1.0, -1.0, -1.0, -1.0, -1.0, 0.11, -1.0
XOO---XOX, -1.0, -1.0, -1.0, 1, 0, 0, -1.0, -1.0, -1.0
XOOO--X-X, -1.0, -1.0, -1.0, -1.0, 1, 0, -1.0, 0, -1.0
XOOX-----, -1.0, -1.0, -1.0, -1.0, 0.103125, 0.103125, 0.1375, 0.103125, 0.103125
---O--X--, 0.11168891059027777, 0.11168891059027777, 0.11970974392361111, -1.0, 0.11168891059027777, 0.11168891059027777, -1.0, 0.11168891059027777, 0.09184570312500001
X-OO--X--, -1.0, 0.11, -1.0, -1.0, 0.11, 0.11, -1.0, 0.11, 0.11
XXOOOXXO-, -1.0, -1.0, -1.0, -1.0, -1.0, -1.0, -1.0, -1.0, 0.11
----X-XOO, 0.103125, 0.103125, 0.1375, 0.103125, -1.0, 0.103125, -1.0, -1.0, -1.0
XX-----OO, -1.0, -1.0, 0.121373291015625, 0.121373291015625, 0.088072509765625, 0.0978076171875, 0.121373291015625, -1.0, -1.0
XX--OX-OO, -1.0, -1.0, 0.1375, 0.09625, -1.0, -1.0, 0.09625, -1.0, -1.0
O--XXO---, -1.0, 0.10828125, 0.10828125, -1.0, -1.0, -1.0, 0.116875, 0.10828125, 0.10828125
OO-XXOX--, -1.0, -1.0, 0.103125, -1.0, -1.0, -1.0, -1.0, 0.103125, 0.12375
OO-XXOXOX, -1.0, -1.0, 0.1375, -1.0, -1.0, -1.0, -1.0, -1.0, -1.0
--XO--XO-, 0.1026953125, 0.1026953125, -1.0, -1.0, 0.1026953125, 0.1026953125, -1.0, -1.0, 0.13921875
-OXO--XOX, 0.09625, -1.0, -1.0, -1.0, 0.09625, 0.1375, -1.0, -1.0, -1.0
XO---X-O-, -1.0, -1.0, 0.10828125, 0.10828125, 0.10828125, -1.0, 0.116875, -1.0, 0.10828125
XO-O-XXO-, -1.0, -1.0, 0.022297667562961573, -1.0, 0.12683383852243418, -1.0, -1.0, -1.0, 0.18086849391460422
XO-OXXXOO, -1.0, -1.0, 0.6556510925292969, -1.0, -1.0, -1.0, -1.0, -1.0, -1.0
--OOXO-XX, 0.1375, 0.09625, -1.0, -1.0, -1.0, -1.0, 0.09625, -1.0, -1.0
X-XXOO--O, -1.0, 1, -1.0, -1.0, -1.0, -1.0, 0, 0, -1.0
X-X-O--O-, -1.0, 0.13427734375, -1.0, 0.09990234375, -1.0, 0.09990234375, 0.116015625, -1.0, 0.09990234375
O-XO----X, -1.0, 0.103125, -1.0, -1.0, 0.103125, 0.1375, 0.103125, 0.103125, -1.0
XOXO-OX--, -1.0, -1.0, -1.0, -1.0, 0.2095733642578125, -1.0, -1.0, 0.0668902587890625, 0.053536376953125006
O--O--X-X, -1.0, 0.103125, 0.103125, -1.0, 0.103125, 0.103125, -1.0, 0.1375, -1.0
--X-OOX--, 0.12375, 0.1065625, -1.0, 0.1065625, -1.0, -1.0, -1.0, 0.1065625, 0.1065625
X-X-OOX-O, -1.0, 0.171875, -1.0, 0.07906250000000001, -1.0, -1.0, -1.0, 0.07906250000000001, -1.0
XO-O---X-, -1.0, -1.0, 0.10828125, -1.0, 0.10828125, 0.10828125, 0.10828125, -1.0, 0.116875
XOOO---XX, -1.0, -1.0, -1.0, -1.0, 0.103125, 0.12375, 0.103125, -1.0, -1.0
XOOOX-X--, -1.0, -1.0, -1.0, -1.0, -1.0, 1, -1.0, 0, 0
XOOOXOXX-, -1.0, -1.0, -1.0, -1.0, -1.0, -1.0, -1.0, -1.0, 0.21484375
XOO-----X, -1.0, -1.0, -1.0, 0.1010906982421875, 0.1010906982421875, 0.1010906982421875, 0.1376141357421875, 0.10911376953125, -1.0
---XO-XO-, 0.1375, 0.103125, 0.103125, -1.0, -1.0, 0.103125, -1.0, -1.0, 0.103125
----OOXX-, 0.103125, 0.103125, 0.103125, 0.103125, -1.0, -1.0, -1.0, -1.0, 0.1375
X-O--X-O-, -1.0, 0.10828125, -1.0, 0.116875, 0.10828125, -1.0, 0.10828125, -1.0, 0.10828125
X-OOXX-O-, -1.0, 0.11, -1.0, -1.0, -1.0, -1.0, 0.11, -1.0, 0.11
XXOOXX-OO, -1.0, -1.0, -1.0, -1.0, -1.0, -1.0, 0.11, -1.0, -1.0
X---OOX--, -1.0, 0, 0, 1, -1.0, -1.0, -1.0, 0, 0
X-X-OOXO-, -1.0, 0.07197265625000002, -1.0, 0.2685546875, -1.0, -1.0, -1.0, -1.0, 0.0
X--OO-X--, -1.0, 0.06845479888963403, 0.014888442215274203, -1.0, -1.0, 0.38992511509996414, -1.0, 0.036884466184077966, 0.03984717761104978
X--OO-XXO, -1.0, 0.11, 0.11, -1.0, -1.0, 0.11, -1.0, -1.0, -1.0
X-OOOXXXO, -1.0, 0.11, -1.0, -1.0, -1.0, -1.0, -1.0, -1.0, -1.0
XO--X-O--, -1.0, -1.0, 0.116875, 0.116875, -1.0, 0.0825, -1.0, 0.116875, 0.116875
XO--XXOO-, -1.0, -1.0, 0.037812500000000006, 0.12031250000000002, -1.0, -1.0, -1.0, -1.0, 0.171875
X-O--XO--, -1.0, 0.10645507812499999, -1.0, 0.10645507812499999, 0.10645507812499999, -1.0, -1.0, 0.12417968750000001, 0.10645507812499999
X-O--XOXO, -1.0, 0.116015625, -1.0, 0.1173046875, 0.0966796875, -1.0, -1.0, -1.0, -1.0
XOOX-XOXO, -1.0, -1.0, -1.0, -1.0, 0.1375, -1.0, -1.0, -1.0, -1.0
X----X-OO, -1.0, 0.13921875, 0.061875, 0.13921875, 0.07046875, -1.0, 0.13921875, -1.0, -1.0
X----OX-O, -1.0, 0.1000341296195984, 0.11668452024459842, 0.18188023567199707, 0.1000341296195984, -1.0, -1.0, 0.051366984844207764, -1.0
XO---OXXO, -1.0, -1.0, 0.07906250000000001, 0.171875, 0.07906250000000001, -1.0, -1.0, -1.0, -1.0
XX-O-OOX-, -1.0, -1.0, 0.103125, -1.0, 0.103125, -1.0, -1.0, -1.0, 0.12375
XXOO-OOXX, -1.0, -1.0, -1.0, -1.0, 0.1375, -1.0, -1.0, -1.0, -1.0
XO-XO----, -1.0, -1.0, 0.07581802368164062, -1.0, -1.0, 0.10740886688232422, 0.10740886688232422, 0.11543193817138672, 0.14393230438232424
XO-XOO-X-, -1.0, -1.0, 0.11, -1.0, -1.0, -1.0, 0.11, -1.0, 0.11
XOXXOOOX-, -1.0, -1.0, -1.0, -1.0, -1.0, -1.0, -1.0, -1.0, 0.11
-O--XXXOO, 0.12375, -1.0, 0.103125, 0.103125, -1.0, -1.0, -1.0, -1.0, -1.0
XOO-XXXOO, -1.0, -1.0, -1.0, 1.0, -1.0, -1.0, -1.0, -1.0, -1.0
-X-XOO---, 0.1065625, -1.0, 0.1065625, -1.0, -1.0, -1.0, 0.12375, 0.1065625, 0.1065625
-X-XOOXO-, 0.1375, -1.0, 0.09625, -1.0, -1.0, -1.0, -1.0, -1.0, 0.09625
--O---X--, 0.11463107638888889, 0.11463107638888889, -1.0, 0.09825520833333333, 0.11463107638888889, 0.11463107638888889, -1.0, 0.09858940972222223, 0.11463107638888889
--O---XXO, 0.116875, 0.0825, -1.0, 0.116875, 0.116875, 0.116875, -1.0, -1.0, -1.0
-XO-O-XXO, 0.1375, -1.0, -1.0, 0.1375, -1.0, 0.055, -1.0, -1.0, -1.0
XXO--O---, -1.0, -1.0, -1.0, 0.09181171417236328, 0.1277644729614258, -1.0, 0.1363582229614258, 0.1277644729614258, 0.06630111694335937
XXO--OXO-, -1.0, -1.0, -1.0, 0.1611328125, 0.03544921875, -1.0, -1.0, -1.0, 0.13341796875
XXOO-OXOX, -1.0, -1.0, -1.0, -1.0, 0.21484375, -1.0, -1.0, -1.0, -1.0
O--XOXXO-, -1.0, 0.1375, 0.055, -1.0, -1.0, -1.0, -1.0, -1.0, 0.1375
-O-X-X-O-, 0.12375, -1.0, 0.12375, -1.0, 0.12375, -1.0, 0.12375, -1.0, 0.055
-X--O--OX, 0.11, -1.0, 0.11, 0.11, -1.0, 0.11, 0.11, -1.0, -1.0
XXO-O--OX, -1.0, -1.0, -1.0, 0.11, -1.0, 0.11, 0.11, -1.0, -1.0
O--X--XO-, -1.0, 0.1065625, 0.1065625, -1.0, 0.12375, 0.1065625, -1.0, -1.0, 0.1065625
O--XX-XOO, -1.0, 0.09625, 0.09625, -1.0, -1.0, 0.1375, -1.0, -1.0, -1.0
XOXO-----, -1.0, -1.0, -1.0, -1.0, 0.13041015625, 0.11322265625, 0.11322265625, 0.079921875, 0.11322265625
XOXOXO---, -1.0, -1.0, -1.0, -1.0, -1.0, -1.0, 0, 0, 1
O-X--OXXO, -1.0, 0.09023437499999999, -1.0, 0.110859375, 0.12890625, -1.0, -1.0, -1.0, -1.0
OOXX-OXXO, -1.0, -1.0, -1.0, -1.0, 0.1375, -1.0, -1.0, -1.0, -1.0
O------X-, -1.0, 0.10885416666666667, 0.10885416666666667, 0.10885416666666667, 0.10885416666666667, 0.10885416666666667, 0.10885416666666667, -1.0, 0.116875
O--O---XX, -1.0, 0.12375, 0.1065625, -1.0, 0.1065625, 0.1065625, 0.1065625, -1.0, -1.0
OXOO---XX, -1.0, -1.0, -1.0, -1.0, 0.09625, 0.09625, 0.1375, -1.0, -1.0
-XO-X---O, 0.103125, -1.0, -1.0, 0.103125, -1.0, 0.103125, 0.103125, 0.1375, -1.0
X-XO-XOO-, -1.0, 0.1375, -1.0, -1.0, 0.055, -1.0, -1.0, -1.0, 0.1375
O--X--X-O, -1.0, 0.10828125, 0.10828125, -1.0, 0.10828125, 0.10828125, -1.0, 0.116875, -1.0
X-OOX----, -1.0, 0, -1.0, -1.0, -1.0, 0, 0, 0, 1
X--X-O--O, -1.0, 0.11322265625, 0.1220849609375, -1.0, 0.1048974609375, -1.0, 0.1048974609375, 0.1048974609375, -1.0
-O-----X-, 0.10942708333333334, -1.0, 0.10942708333333334, 0.1134375, 0.10942708333333334, 0.10942708333333334, 0.10942708333333334, -1.0, 0.10942708333333334
-O-X-O-X-, 0.10828125, -1.0, 0.10828125, -1.0, 0.116875, -1.0, 0.10828125, -1.0, 0.10828125
-OOXXO-X-, 0.12375, -1.0, -1.0, -1.0, -1.0, -1.0, 0.103125, -1.0, 0.103125
XOOXXOOX-, -1.0, -1.0, -1.0, -1.0, -1.0, -1.0, -1.0, -1.0, 0.1375
XX-OO----, -1.0, -1.0, 1, -1.0, -1.0, 0, 0, 0, 0
XX-OOX-O-, -1.0, -1.0, 0.7505540270358324, -1.0, -1.0, -1.0, 0, -1.0, 0
XX-OOXXOO, -1.0, -1.0, 1, -1.0, -1.0, -1.0, -1.0, -1.0, -1.0
O-X----XO, -1.0, 0.0825, -1.0, 0.116875, 0.116875, 0.116875, 0.116875, -1.0, -1.0
OXXO---XO, -1.0, -1.0, -1.0, -1.0, 0.1375, 0.1375, 0.055, -1.0, -1.0
XO-O--X--, -1.0, -1.0, 0, -1.0, 1, 0, -1.0, 0, 0
XOXOO-X--, -1.0, -1.0, -1.0, -1.0, -1.0, 0.08937500000000001, -1.0, 0.171875, 0.06875
XXOO---XO, -1.0, -1.0, -1.0, -1.0, 0.2685546875, 0.030722656250000008, 0.030722656250000008, -1.0, -1.0
XX-O--O--, -1.0, -1.0, 1, -1.0, 0, 0, -1.0, 0, 0
XO-----OX, -1.0, -1.0, 0.09990234375, 0.09990234375, 0.13427734375, 0.116015625, 0.09990234375, -1.0, -1.0
-O-X--X-O, 0.1065625, -1.0, 0.1065625, -1.0, 0.12375, 0.1065625, -1.0, 0.1065625, -1.0
-O-XXOX-O, 0.09625, -1.0, 0.1375, -1.0, -1.0, -1.0, -1.0, 0.09625, -1.0
--O-XXOXO, 0.09625, 0.09625, -1.0, 0.1375, -1.0, -1.0, -1.0, -1.0, -1.0
X-X--OO--, -1.0, 1, -1.0, 0, 0, -1.0, -1.0, 0, 0
XOO-X-X-O, -1.0, -1.0, -1.0, 0.1611328125, -1.0, 0.09474609375, -1.0, 0.07412109374999999, -1.0
-O-O-XX--, 0.11, -1.0, 0.11, -1.0, 0.11, -1.0, -1.0, 0.11, 0.11
-OOO-XXX-, 0.11, -1.0, -1.0, -1.0, 0.11, -1.0, -1.0, -1.0, 0.11
-OOOXXXXO, 0.11, -1.0, -1.0, -1.0, -1.0, -1.0, -1.0, -1.0, -1.0
XXO---XOO, -1.0, -1.0, -1.0, 0.11, 0.11, 0.11, -1.0, -1.0, -1.0
XXOOX-XOO, -1.0, -1.0, -1.0, -1.0, -1.0, 0.11, -1.0, -1.0, -1.0
X--OX---O, -1.0, 0.11324909210205078, 0.12238204956054688, -1.0, -1.0, 0.10478961944580077, 0.10478961944580077, 0.10478961944580077, -1.0
XO-OXX--O, -1.0, -1.0, 0.11, -1.0, -1.0, -1.0, 0.11, 0.11, -1.0
X-O--O-X-, -1.0, 0.07046875, -1.0, 0.13921875, 0.13921875, -1.0, 0.061875, -1.0, 0.13921875
XO--O--X-, -1.0, -1.0, 0.11, 0.11, -1.0, 0.11, 0.11, -1.0, 0.11
XO--OX-XO, -1.0, -1.0, 0.11, 0.11, -1.0, -1.0, 0.11, -1.0, -1.0
XOXOOX-XO, -1.0, -1.0, -1.0, -1.0, -1.0, -1.0, 0.11, -1.0, -1.0
XO-O--XXO, -1.0, -1.0, 0.11, -1.0, 0.11, 0.11, -1.0, -1.0, -1.0
XOOOX-XXO, -1.0, -1.0, -1.0, -1.0, -1.0, 0.11, -1.0, -1.0, -1.0
-OOX--X--, 0.116875, -1.0, -1.0, -1.0, 0.116875, 0.116875, -1.0, 0.116875, 0.0825
-OOXO-X-X, 0.1375, -1.0, -1.0, -1.0, -1.0, 0.055, -1.0, 0.1375, -1.0
XO-X----O, -1.0, -1.0, 0.10497550964355469, -1.0, 0.12190704345703125, 0.10497550964355469, 0.1410961151123047, 0.0770458221435547, -1.0
XO-XO--XO, -1.0, -1.0, 0.10151367187499999, -1.0, -1.0, 0.1052197265625, 0.1232666015625, -1.0, -1.0
XOOXOX-XO, -1.0, -1.0, -1.0, -1.0, -1.0, -1.0, 0.335693359375, -1.0, -1.0
XO----OX-, -1.0, -1.0, 0.116875, 0.116875, 0.116875, 0.0825, -1.0, -1.0, 0.116875
XO--OXOX-, -1.0, -1.0, 0.1375, 0.1375, -1.0, -1.0, -1.0, -1.0, 0.055
XOOX-O--X, -1.0, -1.0, -1.0, -1.0, 0.1375, -1.0, 0.09625, 0.09625, -1.0
X--XOXO-O, -1.0, 0.055, 0.1375, -1.0, -1.0, -1.0, -1.0, 0.1375, -1.0
XX-XOO--O, -1.0, -1.0, 0.167578125, -1.0, -1.0, -1.0, 0.1173046875, 0.0451171875, -1.0
XX-XOOOXO, -1.0, -1.0, 0.21484375, -1.0, -1.0, -1.0, -1.0, -1.0, -1.0
--O--OXX-, 0.116875, 0.116875, -1.0, 0.0825, 0.116875, -1.0, -1.0, -1.0, 0.116875
O-OX-OXX-, -1.0, 0.055, -1.0, -1.0, 0.1375, -1.0, -1.0, -1.0, 0.1375
X--O---XO, -1.0, 0.13921875, 0.1026953125, -1.0, 0.1026953125, 0.1026953125, 0.1026953125, -1.0, -1.0
X-XO--OXO, -1.0, 0.11, -1.0, -1.0, 0.11, 0.11, -1.0, -1.0, -1.0
XOXO-XOXO, -1.0, -1.0, -1.0, -1.0, 0.11, -1.0, -1.0, -1.0, -1.0
X--X-OO--, -1.0, 0.09281249999999999, 0.114296875, -1.0, 0.114296875, -1.0, -1.0, 0.114296875, 0.114296875
XX-X-OOO-, -1.0, -1.0, 0.1615625, -1.0, 0.048125, -1.0, -1.0, -1.0, 0.1203125
O-----XXO, -1.0, 0.12375, 0.12375, 0.055, 0.12375, 0.12375, -1.0, -1.0, -1.0
XXOO-X--O, -1.0, -1.0, -1.0, -1.0, 0.09539062499999999, -1.0, 0.09539062499999999, 0.13921875, -1.0
XXOO-XOXO, -1.0, -1.0, -1.0, -1.0, 0.2685546875, -1.0, -1.0, -1.0, -1.0
X-XOX-O-O, -1.0, 0.103125, -1.0, -1.0, -1.0, 0.103125, -1.0, 0.12375, -1.0
X-XOXOOXO, -1.0, 0.335693359375, -1.0, -1.0, -1.0, -1.0, -1.0, -1.0, -1.0
X-O---X-O, -1.0, 0.0515625, -1.0, 0.150390625, 0.116015625, 0.116015625, -1.0, 0.116015625, -1.0
XOO--XX-O, -1.0, -1.0, -1.0, 0.08110015869140624, 0.1499139404296875, -1.0, -1.0, 0.09898590087890624, -1.0
XOOO-XXXO, -1.0, -1.0, -1.0, -1.0, 0.11, -1.0, -1.0, -1.0, -1.0
XO-OOXOXX, -1.0, -1.0, 1, -1.0, -1.0, -1.0, -1.0, -1.0, -1.0
X---X--OO, -1.0, 0.11110967636108399, 0.11110967636108399, 0.09738716125488281, -1.0, 0.11928380966186525, 0.11110967636108399, -1.0, -1.0
XO-XX--OO, -1.0, -1.0, 0.10828125, -1.0, -1.0, 0.13148437500000001, 0.090234375, -1.0, -1.0
XX--O---O, -1.0, -1.0, 0.1065625, 0.12375, -1.0, 0.1065625, 0.1065625, 0.1065625, -1.0
XX-XO--OO, -1.0, -1.0, 0.09625, -1.0, -1.0, 0.09625, 0.1375, -1.0, -1.0
XO--X--O-, -1.0, -1.0, 0.1065625, 0.1065625, -1.0, 0.12375, 0.1065625, -1.0, 0.1065625
XOXXXO-OO, -1.0, -1.0, -1.0, -1.0, -1.0, -1.0, 0.335693359375, -1.0, -1.0
---OO-X-X, 0.12375, 0.12375, 0.055, -1.0, -1.0, 0.12375, -1.0, 0.12375, -1.0
X-----OOX, -1.0, 0, 0, 0, 1, 0, -1.0, -1.0, -1.0
XOO--OX-X, -1.0, -1.0, -1.0, 1, 0, -1.0, -1.0, 0, -1.0
X--O--XO-, -1.0, 0.12665169696905038, 0.046058711746731346, -1.0, 0.05145787921605144, 0.3459601330261989, -1.0, -1.0, 0
X--O-XXOO, -1.0, 0.07203917581451487, 0.23824945303218178, -1.0, 0.019711371153303334, -1.0, -1.0, -1.0, -1.0
X-XOOXXOO, -1.0, 0.5245208740234375, -1.0, -1.0, -1.0, -1.0, -1.0, -1.0, -1.0
X---XOOXO, -1.0, 0.1375, 0.09625, 0.09625, -1.0, -1.0, -1.0, -1.0, -1.0
XOX-XOOXO, -1.0, -1.0, -1.0, 0.11, -1.0, -1.0, -1.0, -1.0, -1.0
X--OXO---, -1.0, 0.12181640625, 0.10489746093749999, -1.0, -1.0, -1.0, 0.10489746093749999, 0.1134912109375, 0.10489746093749999
X--OXO-XO, -1.0, 0.103125, 0.12375, -1.0, -1.0, -1.0, 0.103125, -1.0, -1.0
X----O-XO, -1.0, 0.10645507812499999, 0.10645507812499999, 0.12417968750000001, 0.10645507812499999, -1.0, 0.10645507812499999, -1.0, -1.0
X--X-OOXO, -1.0, 0.11923828125, 0.16306640625, -1.0, 0.047695312499999996, -1.0, -1.0, -1.0, -1.0
XO----X-O, -1.0, -1.0, 0, 1, 0, 0, -1.0, 0, -1.0
XOO---XXO, -1.0, -1.0, -1.0, 0.5245208740234375, 0.0, 0.0, -1.0, -1.0, -1.0
XO---XOOX, -1.0, -1.0, 0.2054443359375, 0.07130126953125, 0.05325439453125001, -1.0, -1.0, -1.0, -1.0
XO--XOXO-, -1.0, -1.0, 0.10462890625, 0.06853515625, -1.0, -1.0, -1.0, -1.0, 0.15683593750000002
XO--XO---, -1.0, -1.0, 0.1065625, 0.1065625, -1.0, -1.0, 0.12375, 0.1065625, 0.1065625
X---OOXXO, -1.0, 0.027929687499999994, 0.1001171875, 0.201953125, -1.0, -1.0, -1.0, -1.0, -1.0
X-O----OX, -1.0, 0.10645507812499999, -1.0, 0.10645507812499999, 0.10645507812499999, 0.12417968750000001, 0.10645507812499999, -1.0, -1.0
XXOO-XOOX, -1.0, -1.0, -1.0, -1.0, 0.41961669921875, -1.0, -1.0, -1.0, -1.0
X---OO--X, -1.0, 0.0825, 0.116875, 0.116875, -1.0, -1.0, 0.116875, 0.116875, -1.0
XOX-OO--X, -1.0, -1.0, -1.0, 0.11, -1.0, -1.0, 0.11, 0.11, -1.0
XOXO---XO, -1.0, -1.0, -1.0, -1.0, 0.17619873046875, 0.07690063476562499, 0.07690063476562499, -1.0, -1.0
XOXOX-OXO, -1.0, -1.0, -1.0, -1.0, -1.0, 0.11, -1.0, -1.0, -1.0
XX---OO--, -1.0, -1.0, 0.10257446289062502, 0.10257446289062502, 0.10257446289062502, -1.0, -1.0, 0.13970214843749998, 0.10257446289062502
XX---OOXO, -1.0, -1.0, 0.07906250000000001, 0.07906250000000001, 0.171875, -1.0, -1.0, -1.0, -1.0
X----OOX-, -1.0, 0.12181640625, 0.10489746093749999, 0.1134912109375, 0.10489746093749999, -1.0, -1.0, -1.0, 0.10489746093749999
XOOO-XX--, -1.0, -1.0, -1.0, -1.0, 0.103125, -1.0, -1.0, 0.103125, 0.12375
XOXX-OOXO, -1.0, -1.0, -1.0, -1.0, 0.11, -1.0, -1.0, -1.0, -1.0
X--XO--O-, -1.0, 0.11905029296875, 0.138251953125, -1.0, -1.0, 0.11905029296875, 0.11905029296875, -1.0, 0.054597167968750006
X--XOO-OX, -1.0, 0.1340625, 0.061875, -1.0, -1.0, -1.0, 0.1340625, -1.0, -1.0
X-XXOOOOX, -1.0, 0.2685546875, -1.0, -1.0, -1.0, -1.0, -1.0, -1.0, -1.0
XO--XX-OO, -1.0, -1.0, 0.103125, 0.103125, -1.0, -1.0, 0.12375, -1.0, -1.0
XO-O-X---, -1.0, -1.0, 0.10828125, -1.0, 0.10828125, -1.0, 0.116875, 0.10828125, 0.10828125
XO-X-O-XO, -1.0, -1.0, 0.13535156250000002, -1.0, 0.030292968750000003, -1.0, 0.16435546875, -1.0, -1.0
X-OXXO-O-, -1.0, 0.08894531250000001, -1.0, -1.0, -1.0, -1.0, 0.16693359375, -1.0, 0.07412109375
X---O--OX, -1.0, 0.116875, 0.116875, 0.0825, -1.0, 0.116875, 0.116875, -1.0, -1.0
XO-OX-XO-, -1.0, -1.0, 1, -1.0, -1.0, 0, -1.0, -1.0, 0
X---XO--O, -1.0, 0.058361759185791014, 0.12567771911621095, 0.116436710357666, -1.0, -1.0, 0.13308710098266602, 0.116436710357666, -1.0
XX-OXO--O, -1.0, -1.0, 0.1203125, -1.0, -1.0, -1.0, 0.08421875000000001, 0.12546875000000002, -1.0
XXO-----O, -1.0, -1.0, -1.0, 0.11770751953125001, 0.14791992187499997, 0.11770751953125001, 0.11770751953125001, 0.04895751953125001, -1.0
XO-----XO, -1.0, -1.0, 0.13140593566930533, 0.10739224603647583, 0.05617684683252719, 0.12308972572108019, 0.13193524574061144, -1.0, -1.0
XO--XO-XO, -1.0, -1.0, 0.1375, 0.1375, -1.0, -1.0, 0.055, -1.0, -1.0
XX--OO---, -1.0, -1.0, 0.1375, 0.103125, -1.0, -1.0, 0.103125, 0.103125, 0.103125
XO---OOXX, -1.0, -1.0, 0.11, 0.11, 0.11, -1.0, -1.0, -1.0, -1.0
XOX-OOOXX, -1.0, -1.0, -1.0, 0.11, -1.0, -1.0, -1.0, -1.0, -1.0
X--O--O-X, -1.0, 0, 0, -1.0, 0, 1, -1.0, 0, -1.0
XO-O--OXX, -1.0, -1.0, 0.090234375, -1.0, 0.13148437500000001, 0.10828125, -1.0, -1.0, -1.0
XOXO--O-X, -1.0, -1.0, -1.0, -1.0, 0.09539062499999999, 0.09539062499999999, -1.0, 0.13921875, -1.0
XOXOO-OXX, -1.0, -1.0, -1.0, -1.0, -1.0, 0.335693359375, -1.0, -1.0, -1.0
X-O-XO---, -1.0, 0, -1.0, 0, -1.0, -1.0, 0, 0, 1
XOOXXO---, -1.0, -1.0, -1.0, -1.0, -1.0, -1.0, 0.09625, 0.09625, 0.1375
X---O--XO, -1.0, 0.10828125, 0.10828125, 0.116875, -1.0, 0.10828125, 0.10828125, -1.0, -1.0
XX-OO--XO, -1.0, -1.0, 0.11, -1.0, -1.0, 0.11, 0.11, -1.0, -1.0
XOXO-OXXO, -1.0, -1.0, -1.0, -1.0, 0.2685546875, -1.0, -1.0, -1.0, -1.0
XXOO--X-O, -1.0, -1.0, -1.0, -1.0, 0.11, 0.11, -1.0, 0.11, -1.0
XXOOO-XXO, -1.0, -1.0, -1.0, -1.0, -1.0, 0.11, -1.0, -1.0, -1.0
X--X---OO, -1.0, 0.05357666015625, 0.05357666015625, -1.0, 0.05357666015625, 0.05357666015625, 0.335693359375, -1.0, -1.0
X-X--O-O-, -1.0, 1, -1.0, 0, 0, -1.0, 0, -1.0, 0
XOX--O-OX, -1.0, -1.0, -1.0, 0.045117187499999996, 0.15146484375, -1.0, 0.13341796875, -1.0, -1.0
XOXO-OXOX, -1.0, -1.0, -1.0, -1.0, 0.335693359375, -1.0, -1.0, -1.0, -1.0
X-XO-O---, -1.0, 1, -1.0, -1.0, 0, -1.0, 0, 0, 0
X-XOXOO--, -1.0, 0.1203125, -1.0, -1.0, -1.0, -1.0, -1.0, 0.08421875000000001, 0.12546875000000002
X--O---OX, -1.0, 0.116875, 0.116875, -1.0, 0.116875, 0.116875, 0.0825, -1.0, -1.0
XO-O--XOX, -1.0, -1.0, 0.006918640136718748, -1.0, 0.11697235107421874, 0.20610900878906252, -1.0, -1.0, -1.0
XOO---OXX, -1.0, -1.0, -1.0, 0.103125, 0.103125, 0.12375, -1.0, -1.0, -1.0
XOOO-XOXX, -1.0, -1.0, -1.0, -1.0, 0.2685546875, -1.0, -1.0, -1.0, -1.0
XXOXO---O, -1.0, -1.0, -1.0, -1.0, -1.0, 0.048125, 0.1615625, 0.1203125, -1.0
X-O---OX-, -1.0, 0.10828125, -1.0, 0.10828125, 0.10828125, 0.116875, -1.0, -1.0, 0.10828125
X-OO-XOX-, -1.0, 0.103125, -1.0, -1.0, 0.12375, -1.0, -1.0, -1.0, 0.103125
X-O-O-X--, -1.0, 0, -1.0, 1, -1.0, 0, -1.0, 0, 0
X-O-OXXO-, -1.0, 0.09625, -1.0, 0.1375, -1.0, -1.0, -1.0, -1.0, 0.09625
X--O-XO--, -1.0, 0.116875, 0.116875, -1.0, 0.116875, -1.0, -1.0, 0.0825, 0.116875
X--OOXOX-, -1.0, 0.055, 0.1375, -1.0, -1.0, -1.0, -1.0, -1.0, 0.1375
XX-OXO-O-, -1.0, -1.0, 0.12020507812500002, -1.0, -1.0, -1.0, 0.097001953125, -1.0, 0.11279296875
X-OXOO--X, -1.0, 0.103125, -1.0, -1.0, -1.0, -1.0, 0.103125, 0.12375, -1.0
XO---O--X, -1.0, -1.0, 0.1065625, 0.1065625, 0.1065625, -1.0, 0.12375, 0.1065625, -1.0
XO---OXOX, -1.0, -1.0, 0.07906250000000001, 0.07906250000000001, 0.171875, -1.0, -1.0, -1.0, -1.0
XOO-OX-X-, -1.0, -1.0, -1.0, 0.055, -1.0, -1.0, 0.1375, -1.0, 0.1375
X-O-X-O--, -1.0, 0, -1.0, 0, -1.0, 0, -1.0, 1, 0
X-O-X--O-, -1.0, 0, -1.0, 0, -1.0, 0, 0, -1.0, 1
XX--OOOX-, -1.0, -1.0, 0.09539062499999999, 0.13921875, -1.0, -1.0, -1.0, -1.0, 0.09539062499999999
XOO-O-XX-, -1.0, -1.0, -1.0, 0.1203125, -1.0, 0.08421875000000001, -1.0, -1.0, 0.12546875000000002
XOXXOXO-O, -1.0, -1.0, -1.0, -1.0, -1.0, -1.0, -1.0, 0.11, -1.0
XO-O-X-XO, -1.0, -1.0, 0.11, -1.0, 0.11, -1.0, 0.11, -1.0, -1.0
XX-O-O---, -1.0, -1.0, 1, -1.0, 0, -1.0, 0, 0, 0
XXO---O--, -1.0, -1.0, -1.0, 0.10911376953124999, 0.10911376953124999, 0.10911376953124999, -1.0, 0.14563720703125, 0.077021484375
XXOO--OX-, -1.0, -1.0, -1.0, -1.0, 0.171875, 0.07906250000000001, -1.0, -1.0, 0.07906250000000001
X-OOX-XO-, -1.0, 0.07906250000000001, -1.0, -1.0, -1.0, 0.07906250000000001, -1.0, -1.0, 0.171875
XXOOX---O, -1.0, -1.0, -1.0, -1.0, -1.0, 0, 0, 1, -1.0
XOO--OXX-, -1.0, -1.0, -1.0, 0.1375, 0.09625, -1.0, -1.0, -1.0, 0.09625
X-O-X---O, -1.0, 0.16971893389806442, -1.0, 0.052943353702652074, -1.0, 0.2853400563098945, 0.02330551314491376, 0.04057421380340123, -1.0
X-X--O--O, -1.0, 1, -1.0, 0, 0, -1.0, 0, 0, -1.0
X-XX-O-OO, -1.0, 0.1203125, -1.0, -1.0, 0.08421875000000001, -1.0, 0.12546875000000002, -1.0, -1.0
X-OX-X-OO, -1.0, 0.12375, -1.0, -1.0, 0.103125, -1.0, 0.103125, -1.0, -1.0
XXOXOX-OO, -1.0, -1.0, -1.0, -1.0, -1.0, -1.0, 0.1375, -1.0, -1.0
X-XO--XOO, -1.0, 0.06728805541992186, -1.0, -1.0, 0.09612579345703123, 0.1665861511230469, -1.0, -1.0, -1.0
XO-O-XO-X, -1.0, -1.0, 1, -1.0, 0, -1.0, -1.0, 0, -1.0
XO-OXOX--, -1.0, -1.0, 0, -1.0, -1.0, -1.0, -1.0, 0, 1
X-O---XO-, -1.0, 0, -1.0, 0, 0, 0, -1.0, -1.0, 1
X-OO-XXO-, -1.0, 0.086689453125, -1.0, -1.0, 0.086689453125, -1.0, -1.0, -1.0, 0.15662109375
X-OOXXXOO, -1.0, 0.11, -1.0, -1.0, -1.0, -1.0, -1.0, -1.0, -1.0
XXOO-O--X, -1.0, -1.0, -1.0, -1.0, 0.1375, -1.0, 0.055, 0.1375, -1.0
XOOOXXXO-, -1.0, -1.0, -1.0, -1.0, -1.0, -1.0, -1.0, -1.0, 1
X---OO-X-, -1.0, 0.116875, 0.116875, 0.116875, -1.0, -1.0, 0.0825, -1.0, 0.116875
X--OXX-OO, -1.0, 0.1375, 0.055, -1.0, -1.0, -1.0, 0.1375, -1.0, -1.0
XXOO--XO-, -1.0, -1.0, -1.0, -1.0, 0.1319677734375, 0.08934814453125, -1.0, -1.0, 0.10868408203125
XXOO-XXOO, -1.0, -1.0, -1.0, -1.0, 0.11, -1.0, -1.0, -1.0, -1.0
XX-O--XOO, -1.0, -1.0, 0.201416015625, -1.0, 0.0746044921875, 0.05397949218749999, -1.0, -1.0, -1.0
XO--OO-XX, -1.0, -1.0, 0.11, 0.11, -1.0, -1.0, 0.11, -1.0, -1.0
XO-XOOOXX, -1.0, -1.0, 0.11, -1.0, -1.0, -1.0, -1.0, -1.0, -1.0
XOO--X-XO, -1.0, -1.0, -1.0, 0.12375, 0.103125, -1.0, 0.103125, -1.0, -1.0
XOO-X-OX-, -1.0, -1.0, -1.0, 0.07744398593902586, -1.0, 0.19136630058288576, -1.0, -1.0, 0.06118971347808837
XOO-XXOXO, -1.0, -1.0, -1.0, 1.0, -1.0, -1.0, -1.0, -1.0, -1.0
XXO-XOO--, -1.0, -1.0, -1.0, 0.05757812500000001, -1.0, -1.0, -1.0, 0.21484375, 0.05757812500000001
X---OXO--, -1.0, 0.12181640625000001, 0.12181640625000001, 0.05306640625, -1.0, -1.0, -1.0, 0.131484375, 0.12181640625000001
XOXOO-XXO, -1.0, -1.0, -1.0, -1.0, -1.0, 0.11, -1.0, -1.0, -1.0
X-OOXX--O, -1.0, 0.12375, -1.0, -1.0, -1.0, -1.0, 0.103125, 0.103125, -1.0
XO--OX---, -1.0, -1.0, 0.0825, 0.116875, -1.0, -1.0, 0.116875, 0.116875, 0.116875
XOX-OXO--, -1.0, -1.0, -1.0, 0.055, -1.0, -1.0, -1.0, 0.1375, 0.1375
X-O-XXOO-, -1.0, 0.07130126953125, -1.0, 0.2054443359375, -1.0, -1.0, -1.0, -1.0, 0.05325439453125001
X--XXOOO-, -1.0, 0.09625, 0.09625, -1.0, -1.0, -1.0, -1.0, -1.0, 0.1375
XXOOX--O-, -1.0, -1.0, -1.0, -1.0, -1.0, 0.13985788129525206, 0.07817044652302578, -1.0, 0.11197167218172217
XXOOXOXO-, -1.0, -1.0, -1.0, -1.0, -1.0, -1.0, -1.0, -1.0, 0.8195638656616211
X--O-X--O, -1.0, 0.11, 0.11, -1.0, 0.11, -1.0, 0.11, 0.11, -1.0
X--OXXO-O, -1.0, 0.11, 0.11, -1.0, -1.0, -1.0, -1.0, 0.11, -1.0
XOXOXXO-O, -1.0, -1.0, -1.0, -1.0, -1.0, -1.0, -1.0, 0.11, -1.0
X--OOXO-X, -1.0, 0, 0, -1.0, -1.0, -1.0, -1.0, 0.34746158649068093, -1.0
X-XO-OO-X, -1.0, 0.1375, -1.0, -1.0, 0.1375, -1.0, -1.0, 0.055, -1.0
X--XO-O--, -1.0, 0.10828125, 0.10828125, -1.0, -1.0, 0.10828125, -1.0, 0.10828125, 0.116875
X--XOOO-X, -1.0, 0.103125, 0.12375, -1.0, -1.0, -1.0, -1.0, 0.103125, -1.0
X-O-XOXO-, -1.0, 0.0, -1.0, 0.30967712402343756, -1.0, -1.0, -1.0, -1.0, 0.04174346923828123
XX--O--O-, -1.0, -1.0, 0.1375, 0.103125, -1.0, 0.103125, 0.103125, -1.0, 0.103125
X-XX-OO-O, -1.0, 0.1375, -1.0, -1.0, 0.055, -1.0, -1.0, 0.1375, -1.0
X-OXXOO--, -1.0, 0.09474609375, -1.0, -1.0, -1.0, -1.0, -1.0, 0.07412109374999999, 0.1611328125
X-X-OO---, -1.0, 1, -1.0, 0, -1.0, -1.0, 0, 0, 0
XXO---OOX, -1.0, -1.0, -1.0, 0.103125, 0.103125, 0.12375, -1.0, -1.0, -1.0
XX-O--OOX, -1.0, -1.0, 0.1114031982421875, -1.0, 0.10656921386718748, 0.112027587890625, -1.0, -1.0, -1.0
XX-OOXOOX, -1.0, -1.0, 0.21484375, -1.0, -1.0, -1.0, -1.0, -1.0, -1.0
XX-OX--OO, -1.0, -1.0, 0.103125, -1.0, -1.0, 0.103125, 0.12375, -1.0, -1.0
XX-OXOXOO, -1.0, -1.0, 0.171875, -1.0, -1.0, -1.0, -1.0, -1.0, -1.0
X---O-O-X, -1.0, 0, 1, 0, -1.0, 0, -1.0, 0, -1.0
X-X-O-OOX, -1.0, 0, -1.0, 0, -1.0, 1, -1.0, -1.0, -1.0
XOX----O-, -1.0, -1.0, -1.0, 0.054140625, 0.13041015625000002, 0.12181640625, 0.12181640625, -1.0, 0.12181640625
XOX-X--OO, -1.0, -1.0, -1.0, 0.103125, -1.0, 0.12375, 0.103125, -1.0, -1.0
XOXOXX-OO, -1.0, -1.0, -1.0, -1.0, -1.0, -1.0, 0.1375, -1.0, -1.0
XOX--OOX-, -1.0, -1.0, -1.0, 0.11, 0.11, -1.0, -1.0, -1.0, 0.11
XX-OO-X-O, -1.0, -1.0, 0.1375, -1.0, -1.0, 0.09625, -1.0, 0.09625, -1.0
X-X--OXOO, -1.0, 0.1375, -1.0, 0.09625, 0.09625, -1.0, -1.0, -1.0, -1.0
X-XO---O-, -1.0, 0.1065625, -1.0, -1.0, 0.12375, 0.1065625, 0.1065625, -1.0, 0.1065625
X-XOXO-O-, -1.0, 0.1375, -1.0, -1.0, -1.0, -1.0, 0.09625, -1.0, 0.09625
XXO-OOX--, -1.0, -1.0, -1.0, 0.201953125, -1.0, -1.0, -1.0, 0.06015625000000001, 0.06789062500000001
XOOOXX---, -1.0, -1.0, -1.0, -1.0, -1.0, -1.0, 0, 0, 1
X---XO-O-, -1.0, 0.12375, 0.1065625, 0.1065625, -1.0, -1.0, 0.1065625, -1.0, 0.1065625
XX--XO-OO, -1.0, -1.0, 0.1375, 0.09625, -1.0, -1.0, 0.09625, -1.0, -1.0
X-O----XO, -1.0, 0.10828125, -1.0, 0.116875, 0.10828125, 0.10828125, 0.10828125, -1.0, -1.0
XOOX---XO, -1.0, -1.0, -1.0, -1.0, 0.0515625, 0.14953125, 0.12890625, -1.0, -1.0
X--OO-XOX, -1.0, 0.19421875, 0.09109375, -1.0, -1.0, 0.044687500000000005, -1.0, -1.0, -1.0
X--O-O--X, -1.0, 0.103125, 0.103125, -1.0, 0.1375, -1.0, 0.103125, 0.103125, -1.0
XX-OXOO--, -1.0, -1.0, 0.18798828125, -1.0, -1.0, -1.0, -1.0, 0.050380859375, 0.09163085937500001
XO--X---O, -1.0, -1.0, 0.10645507812499999, 0.10645507812499999, -1.0, 0.12417968750000001, 0.10645507812499999, 0.10645507812499999, -1.0
XO--XXO-O, -1.0, -1.0, 0.09539062499999999, 0.09539062499999999, -1.0, -1.0, -1.0, 0.13921875, -1.0
X-XOXO--O, -1.0, 0.086689453125, -1.0, -1.0, -1.0, -1.0, 0.086689453125, 0.15662109375, -1.0
XOXOXO-XO, -1.0, -1.0, -1.0, -1.0, -1.0, -1.0, 0.8195638656616211, -1.0, -1.0
X-XXOO-O-, -1.0, 0.09625, -1.0, -1.0, -1.0, -1.0, 0.1375, -1.0, 0.09625
XO-OXXOXO, -1.0, -1.0, 0.11, -1.0, -1.0, -1.0, -1.0, -1.0, -1.0
X---XOXOO, -1.0, 0.09625, 0.09625, 0.1375, -1.0, -1.0, -1.0, -1.0, -1.0
X--O-XOOX, -1.0, 0, 1, -1.0, 0, -1.0, -1.0, -1.0, -1.0
XOXXO-O--, -1.0, -1.0, -1.0, -1.0, -1.0, 0.055, -1.0, 0.1375, 0.1375
XXOX-OO--, -1.0, -1.0, -1.0, -1.0, 0.15125000000000002, -1.0, -1.0, 0.0275, 0.15125000000000002
X--XO-OOX, -1.0, 0.06875, 0.171875, -1.0, -1.0, 0.08937500000000001, -1.0, -1.0, -1.0
XXO-X--OO, -1.0, -1.0, -1.0, 0.055, -1.0, 0.1375, 0.1375, -1.0, -1.0
X-O-X-XOO, -1.0, 0.05757812500000001, -1.0, 0.21484375, -1.0, 0.05757812500000001, -1.0, -1.0, -1.0
O----O-XX, -1.0, 0.103125, 0.103125, 0.103125, 0.103125, -1.0, 0.1375, -1.0, -1.0
XOX-XO--O, -1.0, -1.0, -1.0, 0, -1.0, -1.0, 0.7833045674487948, 0, -1.0
XOXXXOO-O, -1.0, -1.0, -1.0, -1.0, -1.0, -1.0, -1.0, 0.11, -1.0
XXO-X-O-O, -1.0, -1.0, -1.0, 0.09882812500000002, -1.0, 0.016328125000000006, -1.0, 0.21484375, -1.0
XO--O-OXX, -1.0, -1.0, 0.12375, 0.103125, -1.0, 0.103125, -1.0, -1.0, -1.0
X-O-O---X, -1.0, 0.08980468750000001, -1.0, 0.12417968750000001, -1.0, 0.08765625, 0.12417968750000001, 0.12417968750000001, -1.0
XO--X-XOO, -1.0, -1.0, 0.06728805541992189, 0.1085380554199219, -1.0, 0.15417388916015623, -1.0, -1.0, -1.0
XOO-OX--X, -1.0, -1.0, -1.0, 0.055, -1.0, -1.0, 0.1375, 0.1375, -1.0
XOX-O-X-O, -1.0, -1.0, -1.0, 0.1375, -1.0, 0.09625, -1.0, 0.09625, -1.0
X---OXXOO, -1.0, 0.05757812500000001, 0.05757812500000001, 0.21484375, -1.0, -1.0, -1.0, -1.0, -1.0
X-XO-OX-O, -1.0, 0.096357421875, -1.0, -1.0, 0.20947265625, -1.0, -1.0, 0.024169921875, -1.0
XOO-XXO--, -1.0, -1.0, -1.0, 1, -1.0, -1.0, -1.0, 0, 0
XXO--X-OO, -1.0, -1.0, -1.0, 0.055, 0.1375, -1.0, 0.1375, -1.0, -1.0
X-O-X-OXO, -1.0, 1, -1.0, 0, -1.0, 0, -1.0, -1.0, -1.0
XOOOX--X-, -1.0, -1.0, -1.0, -1.0, -1.0, 0.030722656250000008, 0.030722656250000008, -1.0, 0.2685546875
X-O--X--O, -1.0, 0.116875, -1.0, 0.10828125, 0.10828125, -1.0, 0.10828125, 0.10828125, -1.0
XO-X--OXO, -1.0, -1.0, 0.11, -1.0, 0.11, 0.11, -1.0, -1.0, -1.0
XO-X---O-, -1.0, -1.0, 0.0825, -1.0, 0.116875, 0.116875, 0.116875, -1.0, 0.116875
XOXX-O-O-, -1.0, -1.0, -1.0, -1.0, 0.1375, -1.0, 0.1375, -1.0, 0.055
X--OOXX-O, -1.0, 0.1100537109375, 0.130517578125, -1.0, -1.0, -1.0, -1.0, 0.08942871093749999, -1.0
XO-OOXXXO, -1.0, -1.0, 0.11, -1.0, -1.0, -1.0, -1.0, -1.0, -1.0
X-OX---O-, -1.0, 0.1065625, -1.0, -1.0, 0.12375, 0.1065625, 0.1065625, -1.0, 0.1065625
X-OXX--OO, -1.0, 0.0691796875, -1.0, -1.0, -1.0, 0.150390625, 0.11042968750000001, -1.0, -1.0
XXOOOX-OX, -1.0, -1.0, -1.0, -1.0, -1.0, -1.0, 0.11, -1.0, -1.0
X-X--OOXO, -1.0, 0.103125, -1.0, 0.103125, 0.12375, -1.0, -1.0, -1.0, -1.0
XX--OOO-X, -1.0, -1.0, 0.1375, 0.055, -1.0, -1.0, -1.0, 0.1375, -1.0
X-XOO--XO, -1.0, 0.09539062499999999, -1.0, -1.0, -1.0, 0.13921875, 0.09539062499999999, -1.0, -1.0
X---OXOXO, -1.0, 0.103125, 0.12375, 0.103125, -1.0, -1.0, -1.0, -1.0, -1.0
X-XOOXOXO, -1.0, 0.335693359375, -1.0, -1.0, -1.0, -1.0, -1.0, -1.0, -1.0
XXOOOXX-O, -1.0, -1.0, -1.0, -1.0, -1.0, -1.0, -1.0, 0.11, -1.0
X-OO----X, -1.0, 0.10828125, -1.0, -1.0, 0.10828125, 0.116875, 0.10828125, 0.10828125, -1.0
X-OO-X-OX, -1.0, 0.103125, -1.0, -1.0, 0.103125, -1.0, 0.12375, -1.0, -1.0
XXO-OXXOO, -1.0, -1.0, -1.0, 0.21484375, -1.0, -1.0, -1.0, -1.0, -1.0
X-O--OXOX, -1.0, 0.00455913543701171, -1.0, 0.22362926483154297, 0.10181159973144534, -1.0, -1.0, -1.0, -1.0
XO--OOX-X, -1.0, -1.0, 0.09625, 0.09625, -1.0, -1.0, -1.0, 0.1375, -1.0
XXO-OO--X, -1.0, -1.0, -1.0, 0.055, -1.0, -1.0, 0.1375, 0.1375, -1.0
X-OXO--OX, -1.0, 0.12375, -1.0, -1.0, -1.0, 0.103125, 0.103125, -1.0, -1.0
XXOXOO-OX, -1.0, -1.0, -1.0, -1.0, -1.0, -1.0, 0.1375, -1.0, -1.0
X--X--O-O, -1.0, 0.12203125000000001, 0.12203125000000001, -1.0, 0.12203125000000001, 0.12203125000000001, -1.0, 0.061875, -1.0
XXOO-X-O-, -1.0, -1.0, -1.0, -1.0, 0.3009785506012849, -1.0, 0.004842755949357541, -1.0, 0.02417869344935754
XXOOXXOO-, -1.0, -1.0, -1.0, -1.0, -1.0, -1.0, -1.0, -1.0, 1
XO-O-OX-X, -1.0, -1.0, 0.12375, -1.0, 0.103125, -1.0, -1.0, 0.103125, -1.0
X-O-XXO-O, -1.0, 0, -1.0, 0.26945047080516815, -1.0, -1.0, -1.0, 0.09973197609186168, -1.0
XOO-XX--O, -1.0, -1.0, -1.0, 1, -1.0, -1.0, 0, 0, -1.0
XOX-OOX--, -1.0, -1.0, -1.0, 0.1375, -1.0, -1.0, -1.0, 0.09625, 0.09625
XO--OXO-X, -1.0, -1.0, 0.1375, 0.09625, -1.0, -1.0, -1.0, 0.09625, -1.0
X-OO--OXX, -1.0, 0.055, -1.0, -1.0, 0.1375, 0.1375, -1.0, -1.0, -1.0
XX-O-XOO-, -1.0, -1.0, 0.264056396484375, -1.0, 0.0275738525390625, -1.0, -1.0, -1.0, 0.038369750976562506
XO-O-XX-O, -1.0, -1.0, 0.1100537109375, -1.0, 0.130517578125, -1.0, -1.0, 0.08942871093749999, -1.0
XOOOXXX-O, -1.0, -1.0, -1.0, -1.0, -1.0, -1.0, -1.0, 0.11, -1.0
X---OOXOX, -1.0, 0.16306640625, 0.047695312499999996, 0.11923828125, -1.0, -1.0, -1.0, -1.0, -1.0
XXO-OOXOX, -1.0, -1.0, -1.0, 0.21484375, -1.0, -1.0, -1.0, -1.0, -1.0
XX-OO--OX, -1.0, -1.0, 0.1375, -1.0, -1.0, 0.09625, 0.09625, -1.0, -1.0
XX-O-XO-O, -1.0, -1.0, 0.1340625, -1.0, 0.061875, -1.0, -1.0, 0.1340625, -1.0
XOX--O-XO, -1.0, -1.0, -1.0, 0.0966796875, 0.1173046875, -1.0, 0.116015625, -1.0, -1.0
XX--OOXO-, -1.0, -1.0, 0.09625, 0.1375, -1.0, -1.0, -1.0, -1.0, 0.09625
XOX-O-O-X, -1.0, -1.0, -1.0, 0, -1.0, 1, -1.0, 0, -1.0
X--XXO-OO, -1.0, 0.055, 0.1375, -1.0, -1.0, -1.0, 0.1375, -1.0, -1.0
XXO-XO-O-, -1.0, -1.0, -1.0, 0.13921875, -1.0, -1.0, 0.09539062499999999, -1.0, 0.09539062499999999
X-OO-XO-X, -1.0, 0.0333544921875, -1.0, -1.0, 0.18546386718750002, -1.0, -1.0, 0.11118164062500002, -1.0
XO--OOXX-, -1.0, -1.0, 0.09625, 0.1375, -1.0, -1.0, -1.0, -1.0, 0.09625
XXOO--O-X, -1.0, -1.0, -1.0, -1.0, 0.171875, 0.037812500000000006, -1.0, 0.12031250000000002, -1.0
X-OO--XOX, -1.0, 0.09735443115234374, -1.0, -1.0, 0.11427337646484376, 0.1183721923828125, -1.0, -1.0, -1.0
XOXOO--X-, -1.0, -1.0, -1.0, -1.0, -1.0, 0.1375, 0.055, -1.0, 0.1375
XOOX-X--O, -1.0, -1.0, -1.0, -1.0, 0.103125, -1.0, 0.103125, 0.12375, -1.0
X-OO-X-XO, -1.0, 0.11, -1.0, -1.0, 0.11, -1.0, 0.11, -1.0, -1.0
X-OOX-OX-, -1.0, 0.0, -1.0, -1.0, -1.0, 0.0, -1.0, -1.0, 0.3954887390136719
X-OXX-OO-, -1.0, 0.12375, -1.0, -1.0, -1.0, 0.103125, -1.0, -1.0, 0.103125
X-OOX-X-O, -1.0, 0.11, -1.0, -1.0, -1.0, 0.11, -1.0, 0.11, -1.0
XOOXX--O-, -1.0, -1.0, -1.0, -1.0, -1.0, 0.09625, 0.1375, -1.0, 0.09625
XO-O-OXX-, -1.0, -1.0, 0.12375, -1.0, 0.103125, -1.0, -1.0, -1.0, 0.103125
XXO-O-X-O, -1.0, -1.0, -1.0, 0.103125, -1.0, 0.12375, -1.0, 0.103125, -1.0
XX-O-X-OO, -1.0, -1.0, 0.7703900337219238, -1.0, 0, -1.0, 0, -1.0, -1.0
XOXO-O--X, -1.0, -1.0, -1.0, -1.0, 0.1375, -1.0, 0.1375, 0.055, -1.0
X---OX--O, -1.0, 0.11, 0.11, 0.11, -1.0, -1.0, 0.11, 0.11, -1.0
XX-OOX--O, -1.0, -1.0, 0.11, -1.0, -1.0, -1.0, 0.11, 0.11, -1.0
X-X-OO-XO, -1.0, 0.12471679687500001, -1.0, 0.083466796875, -1.0, -1.0, 0.12181640625, -1.0, -1.0
XX-O-O-OX, -1.0, -1.0, 0.09625, -1.0, 0.1375, -1.0, 0.09625, -1.0, -1.0
X---OXOOX, -1.0, 0.09625, 0.1375, 0.09625, -1.0, -1.0, -1.0, -1.0, -1.0
XOXXOO---, -1.0, -1.0, -1.0, -1.0, -1.0, -1.0, 0.171875, 0.07906250000000001, 0.07906250000000001
X-O--XXOO, -1.0, 0.103125, -1.0, 0.103125, 0.12375, -1.0, -1.0, -1.0, -1.0
XOO-XX-O-, -1.0, -1.0, -1.0, 1, -1.0, -1.0, 0, -1.0, 0
X----XO-O, -1.0, 0.0825, 0.116875, 0.116875, 0.116875, -1.0, -1.0, 0.116875, -1.0
---OX----, 0.10770833333333334, 0.10770833333333334, 0.10770833333333334, -1.0, -1.0, 0.10770833333333334, 0.10770833333333334, 0.12375, 0.10770833333333334
O--OX--X-, -1.0, 0.1375, 0.103125, -1.0, -1.0, 0.103125, 0.103125, -1.0, 0.103125
X-X----OO, -1.0, 1, -1.0, 0, 0, 0, 0, -1.0, -1.0
XO-XXOOXO, -1.0, -1.0, 0.11, -1.0, -1.0, -1.0, -1.0, -1.0, -1.0
XX----O-O, -1.0, -1.0, 0.10828125, 0.10828125, 0.10828125, 0.116875, -1.0, 0.10828125, -1.0
XXO--XO-O, -1.0, -1.0, -1.0, 0.103125, 0.103125, -1.0, -1.0, 0.12375, -1.0
XO-OX-X-O, -1.0, -1.0, 0.10415599822998045, -1.0, -1.0, 0.08850597381591795, -1.0, 0.13733802795410158, -1.0
XOOXX---O, -1.0, -1.0, -1.0, -1.0, -1.0, 0.2685546875, 0.030722656250000008, 0.030722656250000008, -1.0
XO--O-XXO, -1.0, -1.0, 0.103125, 0.103125, -1.0, 0.12375, -1.0, -1.0, -1.0
X-O-O-XXO, -1.0, 0.07906250000000001, -1.0, 0.171875, -1.0, 0.07906250000000001, -1.0, -1.0, -1.0
X-X-O---O, -1.0, 0, -1.0, 1, -1.0, 0, 0, 0, -1.0
X-X-OXO-O, -1.0, 0.16693359375, -1.0, 0.07412109375, -1.0, -1.0, -1.0, 0.08894531250000001, -1.0
X--O-OXOX, -1.0, 0.103125, 0.12375, -1.0, 0.103125, -1.0, -1.0, -1.0, -1.0
X--OOXXO-, -1.0, 1, 0, -1.0, -1.0, -1.0, -1.0, -1.0, 0
X-O-OOXX-, -1.0, 0.09625, -1.0, 0.09625, -1.0, -1.0, -1.0, -1.0, 0.1375
X-XOOX--O, -1.0, 0.103125, -1.0, -1.0, -1.0, -1.0, 0.103125, 0.12375, -1.0
X-OX--OXO, -1.0, 0.055, -1.0, -1.0, 0.1375, 0.1375, -1.0, -1.0, -1.0
XOX-XOO--, -1.0, -1.0, -1.0, 0, -1.0, -1.0, -1.0, 0, 1
XX-OO-XO-, -1.0, -1.0, 0.12890625, -1.0, -1.0, 0.110859375, -1.0, -1.0, 0.09023437499999999
XOX---XOO, -1.0, -1.0, -1.0, 0.13148437500000001, 0.090234375, 0.10828125, -1.0, -1.0, -1.0
XO-OOXX--, -1.0, -1.0, 0.062841796875, -1.0, -1.0, -1.0, -1.0, 0.1822412109375, 0.0849169921875
X-OOOXX--, -1.0, 0.103125, -1.0, -1.0, -1.0, -1.0, -1.0, 0.103125, 0.12375
X--OX-XOO, -1.0, 0.07906250000000001, 0.171875, -1.0, -1.0, 0.07906250000000001, -1.0, -1.0, -1.0
X-XO-O-XO, -1.0, 0.103125, -1.0, -1.0, 0.12375, -1.0, 0.103125, -1.0, -1.0
XOX--XO-O, -1.0, -1.0, -1.0, 0.11, 0.11, -1.0, -1.0, 0.11, -1.0
X-O-OXX-O, -1.0, 0.12375, -1.0, 0.103125, -1.0, -1.0, -1.0, 0.103125, -1.0
XOXX---OO, -1.0, -1.0, -1.0, -1.0, 0, 0, 1, -1.0, -1.0
X-OOO-X-X, -1.0, 0.103125, -1.0, -1.0, -1.0, 0.12375, -1.0, 0.103125, -1.0
X-OOOXXOX, -1.0, 0.11, -1.0, -1.0, -1.0, -1.0, -1.0, -1.0, -1.0
X-O-O-XOX, -1.0, 0.12031250000000002, -1.0, 0.171875, -1.0, 0.037812500000000006, -1.0, -1.0, -1.0
X-O-OOX-X, -1.0, 0.12375, -1.0, 0.103125, -1.0, -1.0, -1.0, 0.103125, -1.0
XO-OO-XX-, -1.0, -1.0, 0.11, -1.0, -1.0, 0.11, -1.0, -1.0, 0.11
X-X-OOO-X, -1.0, 0.7837079465389252, -1.0, 0, -1.0, -1.0, -1.0, 0, -1.0
X-X-O-OXO, -1.0, 0.11, -1.0, 0.11, -1.0, 0.11, -1.0, -1.0, -1.0
XOX-XO-O-, -1.0, -1.0, -1.0, 0, -1.0, -1.0, 1, -1.0, 0
X-OOO-XX-, -1.0, 0.09625, -1.0, -1.0, -1.0, 0.09625, -1.0, -1.0, 0.1375
X-XOO-O-X, -1.0, 0, -1.0, -1.0, -1.0, 0.9348150342702867, -1.0, 0, -1.0
XOX-OX--O, -1.0, -1.0, -1.0, 0.1375, -1.0, -1.0, 0.055, 0.1375, -1.0
X-O-XOOX-, -1.0, 0, -1.0, 0, -1.0, -1.0, -1.0, -1.0, 0.335693359375
XOX-OOXXO, -1.0, -1.0, -1.0, 0.171875, -1.0, -1.0, -1.0, -1.0, -1.0
XOXX-O--O, -1.0, -1.0, -1.0, -1.0, 0.12517501831054687, -1.0, 0.08255538940429688, 0.12226959228515626, -1.0
XOXOX---O, -1.0, -1.0, -1.0, -1.0, -1.0, 0.103125, 0.103125, 0.12375, -1.0
X-X-O-XOO, -1.0, 0.1375, -1.0, 0.1375, -1.0, 0.055, -1.0, -1.0, -1.0
XOXOXOOX-, -1.0, -1.0, -1.0, -1.0, -1.0, -1.0, -1.0, -1.0, 0.1375
X-OXO--XO, -1.0, 0.055, -1.0, -1.0, -1.0, 0.1375, 0.1375, -1.0, -1.0
X--OXOXO-, -1.0, 0.09625, 0.09625, -1.0, -1.0, -1.0, -1.0, -1.0, 0.1375
X-XXO--OO, -1.0, 0.15874938964843754, -1.0, -1.0, -1.0, 0.01904724121093751, 0.152203369140625, -1.0, -1.0
X-OOX--XO, -1.0, 0.13148437500000001, -1.0, -1.0, -1.0, 0.10828125, 0.090234375, -1.0, -1.0
XOX-OXOXO, -1.0, -1.0, -1.0, 0.11, -1.0, -1.0, -1.0, -1.0, -1.0
XOOOOXXX-, -1.0, -1.0, -1.0, -1.0, -1.0, -1.0, -1.0, -1.0, 0.1375
X-XXO-O-O, -1.0, 0.2086669921875, -1.0, -1.0, -1.0, 0.05325439453125, -1.0, 0.06807861328125, -1.0
X-OOXXOXO, -1.0, 0.1375, -1.0, -1.0, -1.0, -1.0, -1.0, -1.0, -1.0
XX-O-OXO-, -1.0, -1.0, 0.1375, -1.0, 0.09625, -1.0, -1.0, -1.0, 0.09625
XOXO--XO-, -1.0, -1.0, -1.0, -1.0, 0.1375, 0.1375, -1.0, -1.0, 0.055
