AAPL - Apple
Jan 2017 - Dec 2019
29.04
29.00
29.15
29.48
29.75
29.78
29.94
29.81
29.76
30.00
30.00
29.95
30.00
30.02
29.99
30.47
30.49
30.49
30.41
30.34
32.19
32.13
32.27
32.57
32.88
33.01
33.11
33.03
33.32
33.76
33.88
33.84
33.93
34.17
34.28
34.13
34.17
34.23
34.25
34.95
34.74
34.95
34.83
34.88
34.75
34.67
34.79
34.80
34.75
35.12
35.17
35.00
35.37
34.96
35.36
35.23
35.16
35.22
35.95
36.03
35.98
35.92
35.92
36.19
36.01
35.92
35.83
35.79
35.41
35.45
35.26
35.46
35.30
35.17
35.61
35.57
35.91
36.13
35.92
35.95
35.91
36.65
36.88
36.76
36.63
37.24
38.25
38.50
38.31
38.49
39.03
38.92
38.87
37.56
38.13
38.26
38.50
38.45
38.33
38.47
38.40
38.42
38.19
38.29
38.86
38.48
38.61
38.84
38.75
37.24
36.36
36.65
36.29
36.07
35.57
36.58
36.25
36.47
36.41
36.57
36.46
35.93
36.46
35.92
36.01
35.88
36.02
35.68
36.04
36.26
36.38
36.44
36.94
37.26
37.39
37.52
37.76
37.58
37.57
38.02
38.19
38.37
37.64
37.38
37.18
37.51
39.29
38.89
39.10
39.70
40.02
40.26
38.83
39.37
39.96
40.40
40.24
39.47
39.38
39.30
39.95
39.99
39.82
39.97
40.37
40.73
40.84
41.00
41.01
40.52
40.48
40.31
39.66
40.38
40.22
39.91
39.57
39.97
39.67
39.68
39.02
38.35
37.97
37.64
38.29
38.56
38.32
38.53
38.45
38.62
38.37
38.85
38.83
38.96
38.97
39.14
39.00
39.25
39.97
40.12
39.94
38.99
39.06
39.04
39.28
39.10
39.35
40.76
41.68
42.26
41.72
42.03
43.13
43.56
43.70
44.06
43.97
43.67
43.49
42.83
42.27
42.78
42.54
42.49
43.29
43.74
43.74
43.52
43.27
42.37
42.96
42.76
42.45
42.41
42.25
42.33
42.34
43.17
42.92
43.07
43.06
43.49
44.11
43.63
43.59
43.75
43.75
42.64
42.65
42.77
42.31
43.06
43.06
43.26
43.75
43.59
43.58
43.57
43.82
44.27
44.05
44.78
44.81
44.62
44.25
44.26
43.56
42.78
42.88
41.99
41.74
41.86
41.95
40.13
39.12
40.76
39.88
38.79
39.10
40.68
41.08
41.84
43.25
43.11
42.96
42.77
43.13
43.88
44.74
44.60
44.53
43.75
44.05
44.21
44.17
43.76
44.24
44.99
45.43
44.99
44.61
44.66
44.51
43.83
43.81
42.82
42.21
41.24
43.19
42.08
41.62
41.95
41.67
42.10
42.90
43.20
42.10
42.51
43.31
43.11
43.54
43.68
43.96
44.56
44.46
43.20
41.43
41.31
40.74
40.91
41.06
40.58
41.31
42.28
44.14
44.22
45.96
46.29
46.51
46.84
47.51
47.15
47.04
46.61
47.04
46.75
46.58
46.91
46.79
47.09
47.04
47.15
46.97
46.88
46.72
47.56
47.96
48.33
48.49
48.37
47.92
47.81
48.07
47.67
47.70
47.21
47.19
46.42
46.63
46.37
46.23
45.54
46.11
46.04
46.38
46.28
46.79
45.98
46.35
46.99
47.65
47.59
46.97
47.76
47.83
47.73
47.86
47.60
47.97
47.86
47.90
48.25
48.71
48.55
47.74
47.48
47.57
50.38
51.85
52.00
52.27
51.78
51.81
52.22
51.88
52.22
52.44
52.56
53.33
54.40
53.87
53.76
53.76
53.87
54.04
54.49
54.92
55.74
56.26
56.91
57.09
56.72
55.78
55.33
54.58
55.96
55.27
56.60
55.96
54.47
54.56
54.59
55.01
54.42
55.20
55.55
55.11
56.24
56.44
56.81
57.32
58.02
57.00
56.07
55.94
56.72
54.09
53.61
55.53
54.34
55.54
55.30
54.01
54.83
55.16
55.68
53.77
54.95
54.08
53.06
53.33
54.72
55.56
51.87
50.40
50.94
52.49
52.12
51.12
48.54
48.06
46.70
47.85
48.38
46.47
44.24
44.20
43.07
43.65
43.56
45.24
44.89
44.65
46.21
44.17
43.68
42.12
42.40
42.16
42.28
42.74
41.37
40.99
41.52
40.22
39.21
37.68
36.71
39.29
39.04
39.06
39.44
39.48
35.55
37.06
36.98
37.69
38.33
38.45
38.07
37.50
38.27
38.74
38.97
39.21
38.33
38.48
38.17
39.44
39.08
38.67
41.31
41.61
41.63
42.81
43.54
43.56
42.74
42.60
42.36
42.72
42.54
42.70
42.61
42.73
43.01
42.76
43.24
43.56
43.58
43.72
43.29
43.74
43.96
43.88
43.63
43.13
43.23
44.72
45.23
45.43
45.93
46.53
47.01
46.63
47.04
48.77
47.76
47.19
46.70
47.12
47.18
47.49
47.81
48.51
48.84
48.92
49.25
50.03
49.88
50.15
49.74
49.72
49.81
49.81
50.78
50.97
51.13
51.87
51.79
51.32
51.08
51.15
50.17
52.63
52.29
52.94
52.12
50.72
50.72
50.18
49.29
46.43
47.17
47.73
47.52
47.25
45.77
46.65
45.70
44.92
44.74
44.56
44.35
44.58
43.77
43.33
44.91
45.63
46.31
47.54
48.15
48.70
48.55
48.54
48.19
48.47
49.61
49.47
49.87
49.70
49.65
48.89
49.95
49.94
49.48
50.39
50.68
51.10
51.06
50.01
50.31
50.81
50.44
50.83
51.30
51.13
50.84
51.42
50.65
51.81
52.21
52.17
51.76
51.94
52.42
52.20
53.26
52.11
51.01
48.33
49.25
49.76
50.86
50.25
50.12
52.24
50.69
50.44
51.63
52.59
52.59
53.16
53.12
50.66
51.62
51.04
51.38
52.25
52.19
51.42
52.30
53.32
53.31
53.54
54.17
55.90
55.77
54.69
54.97
55.17
55.69
55.24
54.43
54.68
54.42
55.26
54.97
54.71
55.99
56.15
54.74
55.21
56.75
56.76
56.10
56.76
57.52
59.05
58.97
58.83
58.59
58.82
59.10
60.13
59.99
60.79
60.90
61.65
62.26
60.82
60.81
62.19
63.96
64.38
64.28
64.31
64.86
65.04
65.55
65.49
66.12
65.66
66.44
66.78
66.57
65.80
65.50
65.45
66.59
66.07
66.96
66.81
66.04
64.86
65.43
66.39
67.68
66.73
67.12
67.69
67.86
68.79
69.96
70.10
69.93
70.00
69.86
71.00
71.07
72.48
72.45
72.88