AAPL - Apple
Jan 2013 - Dec 2014
19.61
19.36
18.82
18.71
18.76
18.47
18.70
18.58
17.92
17.35
18.07
17.95
17.86
18.03
18.36
16.09
15.71
16.07
16.37
16.32
16.27
16.20
15.80
16.35
16.33
16.72
16.96
17.14
16.71
16.68
16.66
16.43
16.43
16.03
15.93
16.10
15.81
16.03
15.88
15.76
15.37
15.00
15.40
15.20
15.38
15.42
15.64
15.30
15.30
15.45
15.85
16.28
16.23
16.15
16.17
16.50
16.56
16.47
16.15
15.81
15.32
15.35
15.43
15.28
15.11
15.22
15.25
15.56
15.51
15.35
14.99
15.22
14.39
14.00
13.95
14.24
14.50
14.48
14.59
14.90
15.36
15.81
15.69
15.91
16.07
16.45
16.38
16.57
16.31
16.18
16.24
15.85
15.32
15.52
15.47
15.82
15.70
15.76
15.79
15.90
15.77
15.89
16.13
16.06
16.10
16.05
15.90
15.66
15.78
15.67
15.63
15.44
15.57
15.36
15.43
15.42
15.11
14.89
14.77
14.38
14.38
14.22
14.06
14.16
14.62
14.95
15.03
14.91
14.82
15.08
15.03
15.26
15.23
15.27
15.36
15.37
15.42
15.18
15.23
14.96
15.73
15.66
15.75
15.99
16.19
16.16
16.31
16.52
16.77
16.62
16.61
16.46
16.23
16.69
17.48
17.80
17.78
17.94
18.13
17.90
17.94
17.96
17.89
17.96
17.45
17.53
17.56
17.40
17.45
17.81
17.69
17.79
18.08
17.67
16.70
16.88
16.60
16.08
16.26
16.60
16.87
16.69
17.52
17.47
17.20
17.37
17.24
17.03
17.43
17.48
17.26
17.25
17.42
17.18
17.38
17.49
17.60
17.72
17.81
17.90
18.02
18.17
18.62
18.57
18.75
19.00
18.78
18.92
18.45
18.75
18.67
18.57
18.81
18.77
18.60
18.30
18.59
18.54
18.57
18.59
18.86
18.75
18.52
18.56
18.39
18.61
18.56
18.71
19.05
19.50
19.86
19.69
20.23
20.18
20.28
20.00
20.23
20.20
20.05
20.02
19.80
19.91
19.82
19.67
19.45
19.61
20.36
20.27
20.14
20.00
19.80
20.04
19.75
19.32
19.43
19.29
19.41
19.16
19.03
19.13
19.51
19.91
19.79
19.31
19.61
19.70
19.86
19.50
19.66
18.09
17.88
17.85
17.88
17.91
18.17
18.31
18.30
18.56
18.89
19.14
19.14
19.44
19.43
19.50
19.19
18.97
18.76
18.84
18.65
18.48
18.85
18.79
18.85
18.97
19.01
18.96
18.94
18.96
19.15
19.16
18.95
18.74
18.81
18.98
18.97
18.88
19.03
19.26
19.46
19.28
19.20
19.17
19.17
19.34
19.38
19.24
18.99
18.70
18.69
18.94
18.70
18.56
18.63
18.50
18.54
18.75
18.97
18.99
18.74
20.28
20.43
21.22
21.15
21.07
21.12
21.16
21.46
21.23
21.15
21.00
20.91
21.17
21.21
21.21
21.03
21.34
21.59
21.60
21.65
21.69
21.93
22.34
22.29
22.69
22.61
22.45
22.77
23.03
23.12
23.06
23.42
23.56
23.47
23.07
22.82
23.05
23.02
23.05
22.97
22.73
22.71
22.57
22.59
22.73
23.00
23.23
23.38
23.37
23.51
23.99
23.84
23.85
23.76
23.81
24.11
23.83
23.70
23.27
23.61
23.49
23.68
24.30
24.26
24.42
24.75
24.59
24.54
23.90
24.03
23.90
23.78
23.74
23.62
23.68
24.00
23.99
24.31
24.38
24.50
24.79
25.13
25.14
25.15
25.33
25.39
25.22
25.53
25.56
25.63
25.83
24.74
24.53
24.74
24.59
24.50
25.25
25.36
25.42
25.41
25.22
25.40
25.45
25.24
25.26
25.66
25.44
24.47
25.19
25.03
25.19
24.80
24.98
24.91
24.91
24.69
25.20
25.25
25.18
24.95
24.69
24.39
24.07
24.42
24.94
25.62
25.75
26.21
26.31
26.28
26.68
26.83
26.75
27.00
27.35
27.15
27.22
27.17
27.25
27.21
27.42
27.81
28.21
28.55
28.50
28.87
28.67
29.08
29.12
29.66
29.40
29.75
29.73
28.77
28.66
28.98
28.87
28.75
28.10
28.53
27.99
27.91
27.43
27.06
26.69
27.35
28.16
27.95
28.24
28.14
28.00
28.50
28.48
28.13