AAPL - Apple
Jan 2008 - Dec 2009
6.96
6.96
6.43
6.34
6.12
6.41
6.36
6.17
6.39
6.04
5.70
5.75
5.76
5.56
4.97
4.84
4.64
4.64
4.70
4.72
4.83
4.78
4.70
4.62
4.36
4.33
4.48
4.62
4.46
4.62
4.55
4.45
4.36
4.42
4.34
4.27
4.28
4.26
4.39
4.64
4.47
4.35
4.45
4.45
4.32
4.37
4.27
4.55
4.50
4.57
4.52
4.53
4.74
4.63
4.76
4.98
5.04
5.18
5.01
5.11
5.13
5.34
5.27
5.41
5.47
5.57
5.46
5.41
5.52
5.26
5.28
5.30
5.49
5.52
5.75
6.01
5.72
5.82
6.03
6.06
6.15
6.25
6.21
6.43
6.46
6.60
6.67
6.52
6.61
6.55
6.72
6.78
6.65
6.78
6.70
6.56
6.64
6.36
6.32
6.47
6.66
6.68
6.67
6.74
6.65
6.62
6.61
6.77
6.63
6.49
6.63
6.46
6.19
6.16
6.32
6.48
6.38
6.46
6.26
6.18
6.19
6.34
6.01
6.07
5.98
6.24
6.01
6.08
6.26
6.41
6.22
6.31
6.16
6.21
6.06
6.17
6.14
5.90
5.94
5.79
5.94
5.68
5.79
5.51
5.61
5.71
5.68
5.60
5.47
5.74
5.86
5.84
6.06
6.20
6.31
6.40
6.40
6.28
6.26
6.20
6.28
6.22
6.31
6.16
6.20
6.24
6.21
6.05
5.94
5.96
5.76
5.72
5.64
5.42
5.41
5.45
5.32
5.01
5.00
4.57
4.79
5.03
4.68
4.53
4.60
4.71
4.58
3.76
4.06
3.90
3.58
3.47
3.51
3.18
3.21
3.17
3.46
3.94
3.72
3.50
3.64
3.48
3.52
3.27
3.46
3.51
3.44
3.29
3.57
3.73
3.97
3.84
3.82
3.96
3.69
3.54
3.51
3.42
3.38
3.22
3.44
3.22
3.15
3.21
3.08
2.87
2.95
3.32
3.24
3.39
3.31
3.18
3.30
3.43
3.26
3.36
3.56
3.57
3.51
3.39
3.51
3.38
3.41
3.18
3.19
3.21
3.06
3.09
3.04
3.06
3.09
3.08
3.05
3.24
3.38
3.32
3.25
3.31
3.24
3.17
3.13
3.05
2.98
2.94
2.79
2.96
3.16
3.16
3.20
3.24
3.36
3.32
3.22
3.27
3.32
3.34
3.45
3.56
3.66
3.49
3.46
3.55
3.54
3.38
3.37
3.24
3.26
3.11
3.22
3.26
3.19
3.19
3.14
3.16
3.26
3.17
3.05
2.97
3.17
3.31
3.44
3.43
3.41
3.56
3.63
3.63
3.63
3.85
3.80
3.80
3.92
3.82
3.73
3.75
3.88
4.03
4.14
4.23
4.11
4.15
4.27
4.29
4.23
4.20
4.34
4.41
4.30
4.35
4.34
4.48
4.43
4.45
4.43
4.47
4.49
4.54
4.72
4.74
4.73
4.61
4.61
4.63
4.44
4.27
4.39
4.37
4.52
4.55
4.50
4.44
4.38
4.67
4.75
4.82
4.85
4.98
4.98
5.03
5.13
5.17
5.14
5.10
5.01
5.00
4.89
4.86
4.87
4.84
4.85
4.98
4.91
4.79
4.87
5.00
5.09
5.07
5.09
5.10
5.00
4.95
4.84
4.90
4.87
4.95
5.08
5.08
5.25
5.27
5.42
5.46
5.41
5.60
5.64
5.71
5.72
5.71
5.72
5.81
5.84
5.94
5.91
5.90
5.85
5.91
5.88
5.82
5.90
6.02
5.96
5.70
5.86
5.88
5.94
6.04
6.04
6.05
5.98
6.05
6.07
6.01
5.90
5.90
5.95
6.08
6.18
6.11
6.16
6.15
6.20
6.26
6.50
6.59
6.61
6.57
6.59
6.63
6.57
6.51
6.65
6.62
6.62
6.46
6.60
6.64
6.79
6.79
6.76
6.80
6.81
6.79
6.83
6.81
6.72
6.78
7.10
7.32
7.33
7.28
7.23
7.05
6.87
7.01
6.73
6.76
6.74
6.81
6.93
6.94
7.20
7.25
7.26
7.21
7.30
7.38
7.39
7.36
7.16
7.14
7.35
7.30
7.29
7.16
7.14
7.03
7.01
7.02
6.90
6.75
6.78
7.06
7.02
6.95
7.04
6.93
6.97
6.85
6.98
7.08
7.16
7.22
7.47
7.56
7.47
7.56