AAPL - Apple
Jan 2003 - Dec 2003
0.26
0.27
0.27
0.27
0.26
0.26
0.26
0.26
0.26
0.26
0.26
0.25
0.25
0.25
0.25
0.25
0.25
0.26
0.27
0.26
0.26
0.26
0.26
0.26
0.26
0.25
0.26
0.26
0.26
0.26
0.26
0.27
0.27
0.26
0.27
0.26
0.27
0.26
0.27
0.27
0.26
0.26
0.26
0.26
0.26
0.26
0.25
0.25
0.26
0.26
0.27
0.27
0.27
0.27
0.27
0.26
0.26
0.26
0.26
0.26
0.25
0.25
0.26
0.26
0.26
0.26
0.26
0.25
0.26
0.24
0.24
0.24
0.24
0.23
0.23
0.24
0.24
0.24
0.24
0.25
0.25
0.25
0.26
0.26
0.29
0.31
0.32
0.32
0.33
0.33
0.33
0.33
0.33
0.34
0.32
0.32
0.32
0.33
0.33
0.34
0.33
0.32
0.32
0.31
0.31
0.31
0.32
0.31
0.30
0.31
0.31
0.32
0.31
0.33
0.32
0.34
0.34
0.34
0.34
0.34
0.34
0.34
0.33
0.34
0.34
0.34
0.34
0.35
0.36
0.36
0.35
0.35
0.36
0.35
0.35
0.37
0.37
0.37
0.37
0.37
0.37
0.38
0.37
0.37
0.36
0.38
0.37
0.38
0.36
0.35
0.36
0.35
0.35
0.35
0.36
0.36
0.35
0.36
0.36
0.38
0.39
0.37
0.37
0.38
0.38
0.40
0.40
0.41
0.41
0.41
0.40
0.41
0.40
0.40
0.40
0.41
0.40
0.40
0.40
0.41
0.40
0.39
0.40
0.38
0.36
0.37
0.38
0.37
0.37
0.37
0.39
0.40
0.41
0.41
0.42
0.42
0.43
0.44
0.44
0.42
0.41
0.41
0.41
0.41
0.41
0.40
0.40
0.42
0.42
0.41
0.41
0.41
0.41
0.41
0.41
0.40
0.39
0.38
0.40
0.40
0.38
0.38
0.36
0.36
0.36
0.36
0.38
0.37
0.37
0.37
0.39
0.38
0.38
0.38
0.37
0.38
0.37
0.36
0.38
0.37
0.36
0.36
0.36
0.36
0.35
0.35
0.35
0.36
0.37
0.38
0.38