DDS - Dillards
Jan 2008 - Dec 2009
18.20
16.89
16.27
16.64
15.50
16.20
16.67
16.11
15.81
14.93
15.54
15.56
16.05
17.65
18.21
18.31
17.34
19.05
19.78
19.13
19.84
20.56
19.46
18.72
18.37
19.32
18.42
18.80
18.23
17.90
17.46
17.44
15.93
16.59
15.83
16.10
16.26
16.55
16.47
15.32
14.79
14.93
15.29
16.21
16.42
16.37
15.72
16.49
16.02
16.30
16.11
16.19
16.61
17.05
18.36
18.59
18.60
17.82
17.04
16.73
17.21
18.41
21.08
20.40
22.03
20.59
20.99
20.50
21.14
20.07
20.79
21.46
21.41
21.38
22.40
22.96
20.51
20.39
20.81
21.18
20.82
20.69
20.40
20.91
21.08
20.46
20.84
20.13
19.00
18.89
19.40
19.10
19.16
19.70
18.92
18.52
17.96
16.93
16.36
15.73
15.33
15.57
16.00
16.28
15.80
15.48
15.31
15.58
15.02
14.93
14.20
13.91
13.97
14.30
14.55
14.31
13.55
13.75
13.10
12.65
12.43
12.48
11.99
11.66
11.57
10.85
10.39
10.16
10.48
10.90
9.81
9.35
8.66
8.24
8.25
9.30
10.19
9.89
9.98
10.87
11.69
10.49
10.12
9.63
10.43
10.08
10.11
10.16
10.05
10.76
10.46
9.99
10.85
11.60
11.37
11.06
11.31
11.95
12.05
11.33
11.31
11.08
11.85
11.04
11.37
11.50
12.54
12.77
13.05
13.45
13.21
13.61
14.67
13.31
13.40
12.65
12.44
11.53
12.28
11.79
12.80
14.02
12.65
11.53
11.72
12.54
12.84
11.20
11.80
12.94
12.14
11.06
10.50
9.59
9.66
8.50
10.00
9.48
8.59
7.27
6.94
6.93
6.54
6.17
5.07
3.92
3.34
4.52
4.54
4.91
4.63
5.33
5.42
5.52
4.99
4.71
4.62
4.27
3.86
3.60
3.84
3.35
3.31
3.23
3.14
2.83
2.78
3.00
3.75
3.75
3.66
3.03
3.48
3.67
3.68
4.06
4.47
3.98
4.13
3.76
3.87
3.77
4.02
4.11
3.86
3.78
3.34
3.53
3.62
3.44
3.46
3.79
3.97
4.27
4.90
4.97
4.65
4.86
4.27
3.83
4.09
3.78
4.12
4.12
3.79
4.00
3.84
4.06
4.37
4.32
4.62
4.41
4.35
4.65
4.45
4.37
4.52
4.70
4.71
4.44
4.54
4.57
4.46
4.51
4.39
4.17
4.05
3.84
4.28
3.72
3.62
3.55
3.41
3.34
3.47
3.00
3.19
3.42
4.37
4.56
4.75
4.83
4.65
5.25
5.50
5.47
5.05
5.97
5.93
6.15
6.68
6.30
5.74
5.70
6.12
6.72
6.60
6.34
6.25
6.76
6.93
7.15
6.59
6.74
7.23
7.60
6.89
7.11
7.29
6.98
7.13
6.81
6.93
7.43
7.71
7.73
8.42
8.42
8.25
7.96
8.28
8.24
7.74
7.25
7.60
7.51
10.18
10.04
9.43
9.46
9.45
10.60
10.09
9.28
9.45
11.20
11.28
10.36
9.65
9.54
9.30
9.73
9.85
9.67
10.04
9.67
9.19
9.22
8.98
8.99
8.51
8.23
8.46
8.94
9.08
9.16
9.20
9.45
8.98
8.82
8.49
8.28
8.29
7.93
8.31
8.26
8.75
8.46
8.17
8.54
8.20
8.30
9.05
9.19
9.66
9.93
10.16
10.49
10.61
11.07
11.16
10.97
10.85
11.59
11.50
11.27
11.58
11.33
10.46
9.99
10.60
10.11
10.47
10.76
10.89
11.71
11.54
11.55
11.68
11.41
11.07
11.08
11.09
11.55
11.85
12.45
12.81
12.84
13.27
13.58
14.22
14.37
14.39
14.66
14.88
14.63
14.41
14.19
14.65
14.50
14.10
13.29
13.10
14.10
14.50
14.63
14.78
14.84
14.76
15.08
15.21
14.95
14.56
15.20
15.30
14.98
15.43
14.92
14.53
14.09
13.53
14.10
13.62
13.59
13.56
13.21
13.31
13.37
14.17
14.26
13.72
12.95
13.19
13.33
14.51
14.55
14.28
15.66
16.42
16.32
17.14
16.89
16.99
17.20
17.02
16.74
17.12
17.40
17.57
17.44
17.57
17.97
18.39
18.38
18.81
18.99
18.84
19.21
19.27
19.74
19.77
20.02
19.86
18.97