DDS - Dillards
January 2000 - December 2002
20.00
20.19
20.13
19.88
20.19
20.31
20.50
20.06
20.06
20.06
20.00
20.56
20.25
19.88
19.31
19.88
19.75
19.44
19.25
19.19
19.56
19.38
19.75
19.56
19.25
19.38
18.88
18.75
18.50
18.63
18.06
18.56
17.75
18.25
19.13
18.38
17.38
17.25
17.56
17.38
17.38
17.38
17.56
16.56
15.31
15.25
15.56
14.56
15.06
15.00
15.00
16.69
16.13
16.94
16.81
16.13
16.31
15.94
16.00
15.63
15.94
16.19
16.44
16.69
16.19
15.81
15.44
15.56
15.56
15.69
15.69
14.94
14.13
13.63
14.06
13.81
13.69
13.63
14.88
14.81
14.19
13.94
14.44
14.81
14.00
13.75
14.38
14.31
14.50
14.56
14.88
15.13
14.94
15.00
14.81
14.88
14.88
14.44
15.00
14.13
14.81
14.13
14.63
14.94
14.88
14.50
14.44
14.06
14.56
14.25
14.13
13.75
14.25
14.31
14.44
13.94
13.63
13.00
13.38
13.19
13.25
13.13
13.25
13.27
13.19
12.25
12.81
14.00
14.50
14.19
14.81
14.63
15.06
14.94
15.00
15.00
14.94
14.75
14.63
14.50
13.69
13.88
13.94
14.00
13.81
13.69
13.75
13.94
13.94
14.00
14.19
14.94
14.94
14.75
14.88
14.94
14.38
14.00
13.94
13.88
13.56
14.06
13.94
13.69
13.44
13.50
13.50
13.44
12.83
12.88
12.88
12.81
12.69
12.63
12.56
12.69
12.56
12.38
12.56
12.19
12.00
11.81
11.81
11.56
11.13
10.13
10.13
10.56
10.63
10.25
10.19
10.50
10.19
10.00
10.31
10.06
9.63
9.50
9.81
9.88
9.88
9.94
10.00
9.94
9.75
10.00
10.00
9.94
10.00
10.31
10.50
10.31
10.94
10.88
11.44
11.19
11.44
10.81
10.63
10.56
10.88
11.44
11.50
11.63
11.50
11.25
11.31
10.94
11.25
11.44
11.44
11.00
11.13
12.00
12.81
12.38
11.94
11.94
11.75
11.94
11.75
11.69
10.44
11.06
10.69
10.88
10.63
10.88
10.81
11.31
12.13
11.81
12.56
13.94
14.31
13.50
14.00
14.25
14.44
14.38
14.75
15.50
15.31
14.94
14.13
14.88
14.94
14.94
15.00
14.69
14.89
14.95
15.24
15.50
15.27
18.00
18.07
18.14
18.19
17.04
18.30
18.65
18.70
18.49
18.49
18.71
18.08
17.90
17.71
18.34
18.48
18.80
18.10
18.40
17.99
18.50
19.31
19.32
18.96
18.49
18.62
18.04
18.05
17.20
17.23
17.60
16.61
19.75
20.30
20.57
21.10
21.60
21.87
21.94
22.00
21.00
20.68
20.72
20.47
20.50
20.90
21.05
16.98
16.48
16.53
17.05
16.96
16.68
16.15
15.74
16.24
16.54
16.94
16.94
16.95
16.86
16.83
16.97
17.14
17.40
17.35
17.54
17.39
17.58
17.17
17.28
18.09
18.45
19.04
19.52
16.98
17.21
16.78
16.35
16.31
16.32
16.23
16.19
16.89
16.53
17.14
17.58
17.44
17.36
17.55
17.02
16.80
17.17
16.43
16.38
16.67
16.22
15.91
15.67
15.12
15.40
15.27
16.12
15.63
15.24
14.54
14.82
14.65
14.60
14.90
14.84
14.89
14.68
14.60
14.63
14.73
14.66
14.27
14.39
14.30
14.34
14.64
14.84
14.83
15.06
15.11
14.96
15.08
15.14
16.51
16.53
16.73
17.52
17.75
18.00
17.74
18.02
17.85
18.00
17.85
18.63
19.04
19.05
18.95
17.15
17.90
17.93
17.73
17.26
16.08
15.66
14.33
13.96
14.04
13.28
12.63
13.48
13.26
12.87
12.99
13.17
13.55
13.19
14.02
14.39
14.49
14.00
13.85
14.44
14.00
13.65
13.39
13.87
13.58
13.41
13.68
13.21
13.19
13.32
13.60
13.68
13.20
12.90
12.95
12.89
13.16
13.38
13.90
13.87
14.01
13.79
13.92
14.27
14.55
15.13
14.98
15.79
15.55
15.05
15.41
16.06
16.14
16.28
16.59
16.55
16.20
15.49
15.32
15.53
15.41
15.02
14.99
14.87
14.76
14.68
15.02
15.35
15.06
15.59
15.88
15.91
15.97
16.00
16.30
16.00
15.94
15.99
16.18
16.54
17.74
17.13
17.52
16.80
16.17
16.10
15.86
15.75
15.33
15.35
15.59
15.40
14.35
13.95
14.38
14.35
14.38
14.30
13.56
13.42
13.68
12.94
15.50
16.26
16.25
17.25
17.60
17.40
17.69
17.50
17.28
18.70
18.85
20.12
19.69
20.10
20.00
20.47
21.00
22.45
23.25
22.80
22.48
23.30
23.23
23.72
24.38
25.16
24.63
24.73
24.60
24.59
24.00
23.77
24.09
23.86
23.22
22.35
22.76
23.29
23.63
24.05
23.44
24.31
24.90
25.19
24.84
25.16
25.00
25.31
25.30
24.90
25.87
24.81
24.93
24.42
24.18
24.49
24.99
25.18
24.86
24.43
24.62
24.20
24.00
23.22
24.01
26.16
27.19
29.37
29.99
29.43
28.67
28.31
29.27
29.69
29.27
29.26
29.38
30.03
30.47
29.78
30.16
29.00
29.61
29.40
29.05
28.83
27.83
27.48
28.61
28.21
28.28
27.95
27.11
26.55
25.67
25.64
25.76
26.29
26.88
24.69
25.56
27.23
26.85
26.01
25.92
25.86
25.65
24.53
24.25
23.63
23.39
22.57
21.70
21.70
24.00
23.77
23.75
25.41
25.01
23.50
22.63
21.81
21.75
22.90
22.40
21.80
22.96
22.08
21.64
23.60
24.80
24.72
24.89
25.31
27.41
27.98
27.04
27.12
26.83
26.94
22.76
24.56
23.60
24.44
23.86
24.73
24.97
25.24
25.14
25.25
25.48
26.00
25.61
24.96
24.80
24.59
23.15
22.73
23.29
23.00
21.45
20.18
21.26
19.46
18.48
17.48
16.53
17.60
16.58
17.01
17.76
17.92
18.99
17.71
15.59
16.40
16.51
16.78
17.06
16.74
17.00
16.45
16.45
16.04
16.49
16.74
16.98
17.42
17.40
17.47
17.17
16.65
16.93
16.99
17.96
18.20
17.75
17.44
17.95
17.19
17.45
17.48
17.38
18.06
19.32
18.79
17.61
17.11
17.11
17.07
16.18
16.59
16.72
16.72
16.16
16.55
16.22
15.80
16.01
16.20
15.39
15.65
15.46
15.28
15.70