F - Ford
Jan 2013 - Dec 2014
13.20
13.46
13.57
13.43
13.35
13.47
13.83
14.00
13.99
14.30
14.22
14.22
14.11
14.17
13.88
13.87
13.68
13.78
13.14
12.93
12.95
13.02
12.88
13.18
13.20
13.07
13.10
13.11
13.08
13.04
13.11
13.02
12.99
12.60
12.39
12.48
12.13
12.34
12.76
12.61
12.61
12.75
12.87
12.89
12.83
12.98
13.34
13.39
13.40
13.43
13.45
13.26
13.16
13.36
13.26
13.26
13.29
13.31
13.22
13.15
12.90
13.01
12.68
12.65
12.44
12.78
12.80
13.12
13.55
13.53
12.95
13.12
12.93
12.75
12.93
13.06
13.36
13.33
13.47
13.67
13.66
13.71
13.38
13.41
13.83
14.09
14.19
14.21
14.20
14.11
14.01
14.27
14.67
14.64
15.08
15.05
14.95
14.97
14.81
14.79
15.28
15.63
15.90
15.68
15.89
15.78
15.25
15.44
15.73
15.71
15.51
15.37
15.58
15.37
15.55
15.65
15.32
14.82
15.00
14.67
14.97
15.29
15.65
15.47
15.74
16.18
16.43
16.70
16.81
16.84
16.72
16.98
17.11
17.12
16.60
16.78
16.93
16.76
17.04
16.94
17.37
16.96
17.02
17.08
17.08
16.88
17.19
17.50
17.19
17.03
16.77
16.98
17.02
17.07
17.06
16.89
16.43
16.30
16.12
16.31
16.25
16.41
16.45
16.41
15.88
16.02
16.50
16.19
16.34
16.91
17.30
17.00
17.31
17.55
17.54
17.39
17.35
17.35
17.44
17.63
17.66
17.39
17.20
17.26
17.19
17.27
17.05
16.87
17.19
17.21
16.95
17.09
16.81
16.50
16.62
16.93
17.11
17.18
16.97
17.29
17.46
17.53
17.50
17.60
17.52
17.76
17.60
17.57
17.61
17.34
17.11
16.89
17.00
17.09
16.91
16.55
16.85
16.89
16.72
17.10
17.09
17.07
16.98
16.87
16.92
17.09
17.01
16.94
16.87
17.03
17.08
17.06
16.56
16.62
16.74
16.70
16.56
16.53
16.41
16.39
16.59
16.86
16.70
15.65
15.30
15.42
15.15
15.19
15.33
15.30
15.28
15.43
15.44
15.51
15.58
15.38
15.54
15.84
16.07
16.11
16.40
16.70
16.73
16.52
16.41
16.55
16.43
15.83
15.71
15.72
15.26
15.25
14.96
14.55
14.87
14.73
14.85
14.97
14.84
14.96
15.00
15.08
15.24
15.39
15.25
15.27
15.16
15.18
15.15
15.26
15.39
15.39
15.20
15.37
15.63
15.67
15.62
15.51
15.30
15.40
15.18
15.08
15.28
15.49
15.48
15.55
15.47
15.39
15.33
15.25
15.25
15.45
15.60
16.32
16.46
16.39
16.13
15.94
16.10
15.84
15.63
15.63
15.70
15.84
16.07
16.00
15.98
16.10
16.23
16.32
15.78
15.97
16.12
16.15
15.91
15.90
15.74
15.56
15.46
15.81
15.77
15.84
15.86
15.75
15.69
15.76
15.92
15.77
15.91
15.91
16.02
16.16
16.31
16.54
16.44
16.44
16.55
16.79
16.68
17.08
17.00
17.01
16.90
16.52
16.56
16.63
16.79
16.83
16.78
16.67
16.88
16.97
17.20
17.20
17.28
17.24
17.21
17.22
17.32
17.32
17.11
17.43
17.30
17.47
17.55
17.54
17.80
17.74
17.72
17.70
17.82
17.78
17.84
17.62
17.64
17.57
17.46
17.02
16.81
17.02
16.87
16.98
16.82
17.09
17.17
17.21
17.42
17.43
17.31
17.43
17.36
17.41
17.40
17.17
17.23
17.19
17.36
17.42
17.41
17.60
17.47
17.27
17.14
16.80
16.63
16.63
16.66
16.59
16.47
16.52
16.53
16.58
16.65
16.36
16.17
16.41
16.20
16.33
15.11
14.79
14.59
14.56
14.59
14.52
14.10
14.21
13.84
13.79
13.54
13.78
13.62
13.98
14.02
14.17
14.26
14.13
14.40
13.78
13.82
14.16
13.91
13.95
14.09
13.99
13.95
13.94
14.19
14.17
14.00
14.37
14.58
14.93
15.14
15.54
15.50
15.44
15.46
15.43
15.67
15.68
15.61
15.73
15.77
15.90
16.01
15.81
15.70
15.43
15.43
15.16
15.28
14.99
14.28
14.09
14.45
14.81
15.03
15.22
15.33
15.30
15.45
15.52
15.50