F - Ford
Jan 2017 - Dec 2019
12.59
13.17
12.77
12.76
12.63
12.85
12.67
12.59
12.63
12.61
12.41
12.43
12.36
12.31
12.61
12.79
12.37
12.49
12.37
12.36
12.32
12.28
12.56
12.52
12.34
12.38
12.38
12.51
12.56
12.65
12.63
12.54
12.58
12.69
12.67
12.56
12.47
12.66
12.53
12.69
12.66
12.65
12.52
12.46
12.53
12.50
12.53
12.54
12.55
12.65
12.70
12.48
12.28
11.72
11.77
11.67
11.62
11.46
11.65
11.68
11.68
11.64
11.44
11.37
11.26
11.27
11.23
11.25
11.28
11.23
11.11
11.28
11.14
11.19
11.47
11.34
11.43
11.48
11.60
11.47
11.47
11.42
10.92
11.07
11.00
11.14
11.13
11.16
11.04
11.01
10.92
10.94
10.94
10.76
10.79
10.87
11.10
11.05
10.96
10.86
10.93
11.08
11.12
11.41
11.35
11.25
11.12
11.07
11.10
11.13
11.28
11.27
11.22
11.24
11.22
11.24
11.12
11.04
11.13
11.04
11.18
11.08
11.09
11.17
11.19
11.56
11.30
11.18
11.26
11.34
11.38
11.47
11.60
11.68
11.74
11.75
11.83
11.70
11.53
11.29
11.27
11.06
11.18
11.17
11.22
10.95
11.00
10.93
10.95
10.92
10.89
10.92
10.77
10.77
10.91
10.84
10.80
10.64
10.56
10.57
10.65
10.71
10.71
10.82
10.79
10.84
10.94
11.03
11.35
11.36
11.50
11.40
11.36
11.41
11.59
11.62
11.56
11.62
11.63
11.72
11.71
11.72
11.84
11.94
11.93
11.95
11.96
11.97
12.09
12.34
12.30
12.25
12.31
12.34
12.39
12.38
12.12
12.05
12.12
12.27
12.19
12.23
12.10
12.04
12.19
12.04
12.27
12.06
12.10
12.27
12.35
12.42
12.36
12.33
12.16
12.06
12.04
12.01
12.16
12.02
12.00
12.04
12.01
12.13
12.12
12.07
12.10
12.11
12.21
12.56
12.52
12.58
12.63
12.43
12.38
12.53
12.61
12.58
12.60
12.63
12.46
12.58
12.66
12.69
12.72
12.63
12.58
12.60
12.50
12.58
12.49
12.66
12.76
12.98
13.20
13.15
13.08
13.03
13.16
13.23
13.10
12.18
12.07
12.00
12.02
11.96
12.05
11.57
11.65
11.12
11.06
10.97
10.92
10.71
10.24
10.76
10.76
10.43
10.53
10.70
10.59
10.74
10.76
10.61
10.63
10.60
10.63
10.70
10.89
10.61
10.61
10.29
10.40
10.58
10.63
10.63
10.61
10.73
10.81
10.78
11.02
11.07
11.15
11.01
10.99
11.10
10.75
10.56
10.83
10.83
10.86
11.08
10.86
11.15
11.33
11.35
11.18
11.25
11.45
11.43
11.31
11.28
11.38
11.38
11.33
10.96
10.82
11.04
10.96
11.11
11.43
11.49
11.24
11.26
11.21
11.20
11.36
11.34
11.27
11.06
11.21
11.19
11.18
11.22
11.40
11.46
11.33
11.51
11.52
11.44
11.62
11.51
11.44
11.55
11.55
11.71
11.74
11.83
11.97
12.03
12.10
12.03
12.11
12.02
11.89
11.88
11.99
11.89
11.87
11.71
11.65
11.50
11.52
11.42
11.28
11.07
11.10
10.99
11.05
11.06
11.20
11.25
11.07
11.05
10.98
10.85
10.86
10.87
10.82
10.56
10.47
10.57
10.52
9.89
9.93
10.07
10.04
9.90
9.92
10.04
10.03
10.08
10.05
9.91
9.74
9.46
9.50
9.45
9.51
9.55
9.72
9.86
9.69
9.63
9.68
9.99
10.01
9.97
9.70
9.48
9.47
9.49
9.43
9.27
9.38
9.31
9.34
9.37
9.45
9.55
9.58
9.78
9.81
9.85
9.59
9.39
9.27
9.23
9.25
9.32
9.20
9.13
9.15
9.12
9.26
8.95
8.82
8.81
8.64
8.81
8.80
8.76
8.51
8.50
8.41
8.59
8.18
8.99
8.98
9.28
9.46
9.55
9.29
9.38
9.53
9.54
9.60
9.46
9.38
9.49
9.54
9.54
9.31
9.05
9.25
9.06
9.11
9.13
9.40
9.28
9.41
9.37
9.41
9.60
9.18
9.02
8.82
8.52
8.54
8.64
8.50
8.52
8.50
8.47
8.32
8.26
8.05
7.63
7.85
7.85
7.81
7.65
7.90
7.78
8.08
8.29
8.37
8.72
8.67
8.82
8.99
8.84
8.29
8.36
8.58
8.50
8.34
8.60
8.86
8.66
8.76
8.71
8.80
8.72
8.70
8.75
8.72
8.31
8.39
8.33
8.46
8.41
8.42
8.54
8.83
8.94
8.71
8.71
8.76
8.88
8.78
8.77
8.79
8.81
8.77
8.58
8.48
8.42
8.61
8.57
8.53
8.41
8.43
8.57
8.70
8.51
8.69
8.54
8.51
8.76
8.62
8.77
8.78
8.98
9.01
9.13
9.24
9.25
9.30
9.21
9.33
9.39
9.45
9.33
9.36
9.50
9.55
9.50
9.50
9.57
9.40
10.41
10.32
10.45
10.30
10.34
10.41
10.37
10.38
10.34
10.20
10.38
10.08
10.24
10.36
10.40
10.29
10.28
10.24
9.97
9.85
9.83
9.78
9.71
9.74
9.52
9.61
9.92
9.78
9.75
9.76
9.82
9.92
9.85
10.06
9.98
10.05
10.10
10.04
10.04
9.99
9.95
9.84
9.91
10.20
10.23
10.15
10.12
10.20
10.20
10.20
10.14
10.11
10.19
10.49
10.42
10.51
10.33
10.26
10.20
10.02
10.17
10.33
9.56
9.57
9.60
9.55
9.53
9.31
9.28
9.23
9.48
9.53
9.56
9.45
9.29
9.26
9.00
8.86
8.96
9.03
8.96
9.04
9.04
8.77
8.82
8.76
9.00
9.12
9.17
9.10
9.20
9.34
9.34
9.54
9.42
9.42
9.41
9.45
9.30
9.28
9.25
9.10
9.17
9.16
9.11
9.20
9.14
9.08
9.16
8.90
8.61
8.71
8.74
8.68
8.54
8.56
8.62
8.78
8.82
9.07
9.07
9.11
9.29
9.03
9.07
9.21
8.60
8.72
8.61
8.64
8.54
8.59
8.89
9.00
9.02
8.92
8.89
9.04
9.08
9.04
8.81
8.79
8.95
8.95
8.90
8.73
8.71
8.89
9.00
9.01
9.10
9.06
9.01
8.89
8.95
8.93
9.02
9.01
9.07
9.11
9.32
9.23
9.39
9.39
9.54
9.41
9.48
9.44
9.47
9.45
9.36
9.25