GE - General Electric
Jan 2003 - Dec 2003
24.50
24.42
25.05
24.90
24.52
24.90
24.66
24.65
24.72
24.22
24.07
23.92
23.13
22.64
23.03
22.17
22.16
22.26
22.14
21.68
22.25
22.74
22.16
22.12
22.01
21.83
21.76
21.63
21.39
21.32
21.62
22.03
22.45
22.45
22.88
22.52
23.06
22.47
22.98
23.13
22.98
22.50
22.88
23.03
23.37
22.69
22.45
22.88
24.24
24.66
25.26
25.38
25.94
25.82
26.92
25.70
25.94
25.58
25.42
25.03
24.52
25.13
26.01
26.49
26.57
26.69
26.98
26.25
26.33
26.59
26.69
27.21
26.76
27.39
27.08
27.88
28.26
27.98
27.99
28.38
28.27
28.32
27.98
27.96
27.72
28.00
27.74
27.38
27.88
27.86
27.45
27.51
27.38
26.78
26.49
26.66
26.54
26.66
26.58
27.22
27.18
27.16
27.60
27.88
27.93
28.23
28.63
29.13
28.98
29.41
29.79
29.88
29.47
30.13
30.00
29.55
28.71
28.86
28.72
28.78
28.13
28.03
27.52
27.58
27.53
27.51
27.45
28.14
27.70
27.29
27.11
27.04
26.96
26.61
26.33
26.06
26.71
26.12
26.36
26.37
26.38
27.34
27.28
26.83
26.89
27.35
27.37
27.38
26.73
26.62
27.00
27.00
27.19
27.24
26.94
27.45
27.67
28.65
28.70
28.32
29.00
28.73
28.70
28.73
28.61
28.54
28.43
29.27
29.92
30.12
29.85
30.17
29.96
29.84
30.27
30.32
30.19
30.70
30.50
30.88
30.70
30.19
30.35
29.63
29.21
28.72
29.20
28.66
29.45
29.57
29.63
29.61
29.47
29.04
28.97
28.19
27.82
28.16
27.74
27.90
27.45
27.67
27.77
27.26
27.30
27.21
27.13
27.42
27.72
27.77
27.89
27.69
27.56
27.34
27.35
27.04
27.09
27.03
27.60
27.25
26.81
26.74
27.35
28.34
27.84
27.46
27.64
27.80
27.66
27.57
27.91
28.35
28.38
28.03
27.98
28.24
28.42
28.58
29.23
28.95
29.16
29.47
29.55
29.66
29.70
29.81
29.90
29.71
29.54
29.64
29.54