GE - General Electric
Jan 2013 - Dec 2014
20.52
20.29
20.38
20.32
20.10
20.14
20.36
20.32
20.31
20.38
20.31
20.48
21.19
21.16
21.10
21.20
21.43
21.63
21.63
21.38
21.42
21.75
21.45
21.67
21.58
21.62
21.63
21.59
21.71
22.49
22.51
22.39
22.84
22.51
22.37
22.49
21.93
22.16
22.47
22.33
22.30
22.38
22.68
22.76
22.77
22.86
22.71
22.51
22.59
22.78
22.54
22.36
22.42
22.56
22.39
22.47
22.35
22.23
22.21
22.23
22.19
22.44
22.12
22.19
22.05
22.23
22.17
22.67
22.68
22.56
21.93
22.21
21.88
21.80
20.91
20.53
20.67
21.12
21.11
21.36
21.41
21.43
21.30
21.46
21.70
21.71
21.81
22.13
21.90
22.02
21.97
22.13
22.35
22.38
22.56
22.66
22.75
22.94
22.75
22.63
22.69
22.73
22.69
22.42
22.73
22.75
22.42
22.48
22.94
22.87
22.67
22.60
22.77
22.62
22.86
23.39
23.06
22.36
22.46
22.05
22.22
22.36
22.42
22.30
22.44
22.02
22.03
22.35
22.42
22.71
22.63
23.02
22.85
22.72
22.53
22.63
22.72
23.77
23.90
23.76
23.67
23.74
23.70
23.55
23.54
23.43
23.67
23.75
23.58
23.38
23.40
23.39
23.32
23.34
23.27
23.14
23.08
23.03
22.93
22.81
22.70
22.87
22.87
22.70
22.29
22.31
22.22
22.25
22.17
22.28
22.27
22.27
22.49
22.95
23.16
22.93
22.87
23.21
23.51
23.90
23.52
23.09
23.35
23.38
23.30
23.32
23.13
22.97
23.24
23.39
23.17
23.13
23.02
22.76
22.66
23.32
23.46
23.44
23.26
23.42
23.73
24.57
25.13
25.02
24.71
24.94
24.88
25.09
25.20
25.36
25.13
25.52
25.41
25.40
25.87
25.58
26.01
25.97
26.01
26.11
25.95
26.15
26.17
25.99
25.92
25.88
26.04
25.70
25.75
25.80
25.63
25.63
25.54
25.62
25.43
25.90
26.14
26.10
25.56
25.52
25.81
25.94
25.99
26.36
26.27
26.31
26.35
26.55
26.76
26.76
26.82
26.95
26.44
26.42
26.21
26.24
26.16
26.17
25.92
25.70
25.93
26.29
26.15
25.56
25.28
24.99
24.83
23.99
24.11
24.48
24.32
24.52
24.16
23.41
23.63
23.58
23.99
24.22
24.09
24.45
24.41
24.46
24.75
24.66
24.42
24.15
23.98
24.32
24.30
24.33
24.52
24.49
24.15
24.66
24.93
25.21
25.13
25.04
24.90
24.77
24.37
24.14
24.45
24.66
24.31
24.30
24.42
24.43
24.71
24.63
24.82
24.88
24.89
24.88
25.04
25.22
25.02
24.86
24.76
24.95
24.60
24.45
24.72
24.83
25.12
25.54
25.57
25.56
25.40
25.44
25.58
25.75
25.73
25.86
25.74
25.65
25.56
25.18
25.51
25.42
25.40
25.82
25.88
25.73
25.58
25.64
25.59
25.29
25.47
25.49
25.49
25.55
25.63
25.71
25.76
25.80
25.76
25.53
25.74
26.13
26.38
26.36
26.11
25.92
26.00
25.79
25.84
25.86
25.89
25.93
25.65
25.56
25.40
25.28
25.41
25.27
25.38
25.59
25.83
25.72
25.36
25.31
25.19
25.53
25.63
25.59
25.98
25.59
25.44
24.98
25.02
24.91
24.94
24.80
24.61
24.47
24.65
24.18
24.38
24.30
24.06
24.46
24.52
24.67
24.80
24.63
24.84
24.88
24.65
25.07
25.05
25.35
25.41
25.14
25.19
25.01
25.13
25.01
24.98
24.86
24.95
24.96
25.10
25.08
24.90
24.95
25.02
24.88
24.92
25.20
25.26
25.20
25.28
25.08
25.02
24.93
24.57
24.64
24.44
24.63
24.19
24.15
24.42
24.25
23.86
24.28
23.83
23.34
23.03
23.17
23.35
23.32
23.87
24.07
24.47
24.22
24.46
24.65
24.54
24.88
24.67
24.68
24.82
24.71
24.71
24.83
25.35
25.39
25.45
25.37
25.50
25.40
25.44
25.59
25.97
25.88
25.82
25.95
25.96
25.83
25.84
25.47
25.02
25.05
25.37
25.09
25.01
24.70
24.60
24.30
24.43
23.93
23.64
23.55
23.71
24.17
24.63
24.72
24.88
24.84
24.79
24.71
24.59