RTX - Raytheon Technologies
Jan 2008 - Dec 2009
47.33
48.01
47.21
46.99
45.18
45.29
45.56
45.11
45.43
44.91
44.71
42.85
42.83
42.32
44.67
45.66
45.78
46.40
46.05
45.78
46.11
46.65
46.60
45.53
45.23
44.98
44.90
45.04
45.83
46.27
45.72
45.02
45.28
45.34
44.61
45.46
46.20
46.12
45.90
45.42
44.37
43.68
43.36
43.88
43.32
42.47
41.68
43.03
42.92
43.12
42.61
42.52
43.95
43.27
43.43
44.27
44.15
43.81
43.68
43.14
43.31
44.83
44.80
44.53
45.14
45.18
45.19
44.56
45.22
43.76
44.05
44.58
45.71
44.55
45.63
45.37
44.96
45.22
45.75
45.74
45.97
46.01
45.61
46.88
47.26
46.96
47.00
45.96
46.61
46.02
46.93
47.15
47.30
46.75
46.54
46.80
46.19
45.32
45.21
44.06
44.56
44.20
44.20
44.71
44.51
43.90
43.59
44.03
42.17
42.51
42.22
41.94
42.74
43.15
43.35
43.05
42.84
43.31
43.30
43.31
42.89
41.55
39.52
38.48
38.83
38.19
37.57
38.42
38.12
38.87
38.46
39.13
38.19
38.42
37.81
38.46
40.72
40.33
40.31
41.08
41.40
40.40
41.05
40.32
41.23
41.69
40.26
40.00
40.13
41.25
41.88
40.74
42.08
42.30
41.86
41.60
41.61
42.04
41.43
40.87
40.75
40.41
41.52
40.88
40.84
40.94
41.99
41.28
41.64
42.43
40.83
40.33
41.40
40.35
39.85
40.23
40.57
39.72
39.72
38.21
39.33
40.47
38.78
37.85
37.53
37.24
38.30
35.66
37.80
37.21
34.60
34.52
33.13
31.54
31.26
29.16
29.97
34.07
33.06
30.99
33.28
31.91
32.87
32.06
30.59
30.64
29.77
28.43
32.28
32.78
33.71
34.59
34.14
36.03
33.78
31.85
32.61
32.84
32.60
30.84
32.90
31.61
30.30
31.04
28.94
27.20
29.37
30.91
29.66
30.04
30.54
28.71
28.99
29.78
29.68
30.84
30.62
30.19
30.21
29.63
30.72
31.23
32.52
31.84
31.98
32.33
32.56
31.86
32.19
32.18
32.30
33.38
33.73
34.58
34.17
34.54
33.68
33.68
33.17
32.95
31.97
31.49
31.27
32.16
31.06
30.99
30.81
29.84
30.63
30.99
31.88
30.64
30.20
29.92
30.40
29.91
30.24
30.86
31.23
29.62
29.97
29.52
29.63
28.75
28.23
28.14
27.68
26.65
27.06
26.13
25.87
25.70
24.65
24.26
24.64
23.86
24.25
23.64
25.67
25.84
26.31
25.53
25.88
26.25
26.36
25.83
25.51
27.36
27.19
27.50
28.62
27.99
26.81
27.05
27.61
28.91
28.72
29.14
28.42
28.08
29.76
29.19
28.67
29.43
29.89
29.78
28.83
30.20
29.51
30.23
31.07
30.50
30.19
30.78
30.74
31.16
32.21
32.62
32.91
32.55
33.70
33.04
33.25
31.85
32.42
32.27
33.34
32.91
32.56
31.94
32.12
33.19
32.37
32.96
33.11
34.78
34.98
34.42
34.69
35.49
35.55
34.94
34.93
34.96
35.14
34.44
34.35
34.41
34.57
34.11
33.09
32.62
31.98
32.74
32.44
33.02
32.70
32.90
31.62
32.03
31.11
31.26
31.25
31.24
32.36
32.46
33.83
33.96
33.86
34.59
33.96
33.43
33.59
32.87
32.79
33.00
33.48
34.13
34.28
34.73
34.48
34.12
34.65
34.98
35.17
35.10
36.61
36.12
36.00
35.32
35.75
35.24
36.04
36.95
37.32
37.58
37.61
37.77
37.53
37.36
37.17
37.04
37.54
38.09
38.00
38.54
38.99
39.01
38.74
38.57
38.99
39.35
39.53
39.44
39.79
39.48
39.23
38.73
38.79
38.58
38.34
37.75
37.53
38.03
38.70
38.43
38.88
39.13
38.68
39.00
40.13
40.53
40.84
41.18
41.16
41.16
41.47
41.42
40.80
40.33
39.40
40.01
38.67
39.43
39.77
40.01
41.19
40.95
41.99
41.99
42.15
41.98
42.79
43.64
44.01
43.30
42.80
42.78
43.25
42.96
42.99
42.29
42.32
42.79
42.89
42.33
43.00
43.34
42.94
42.42
42.75
43.68
44.00
44.21
44.21
43.79
43.71
43.65
43.64
43.74
44.28
44.34
44.24
44.36