RTX - Raytheon Technologies
Jan 2017 - Dec 2019
69.75
69.79
70.08
70.83
70.17
70.02
69.86
69.74
69.36
69.21
69.49
69.69
69.72
69.44
70.24
69.83
69.45
69.04
68.70
69.02
68.08
68.19
69.01
69.65
70.01
69.48
69.28
69.89
70.50
70.21
70.43
70.53
70.58
70.80
70.90
70.54
70.77
70.99
70.83
71.54
70.92
70.70
70.27
70.66
70.33
70.44
70.57
70.68
70.38
71.16
70.70
71.40
71.43
70.59
70.44
70.38
70.36
70.38
70.95
70.52
70.77
70.62
70.44
71.11
70.80
70.74
71.11
71.04
71.20
70.64
70.54
71.28
71.47
71.06
71.71
72.37
73.20
73.55
74.39
74.75
74.88
74.84
75.09
75.71
76.15
76.37
76.20
76.44
76.16
76.32
76.04
76.10
76.40
75.25
75.12
76.25
76.56
76.82
76.83
76.94
76.68
76.32
76.32
76.65
76.85
76.14
75.59
75.38
75.48
75.92
75.44
75.56
75.53
75.99
75.79
76.68
76.47
76.62
76.88
76.92
76.70
76.52
77.09
76.56
76.85
76.83
77.28
76.71
77.16
77.44
77.75
77.85
77.45
77.67
77.48
77.17
77.46
77.06
77.72
77.49
75.78
75.23
74.69
74.81
74.62
74.81
75.74
76.21
76.46
74.59
74.38
73.76
73.48
73.56
73.73
72.98
74.26
73.06
72.67
72.55
72.81
73.65
72.56
72.42
72.58
74.70
75.27
75.34
74.21
69.99
68.98
69.21
68.94
69.00
69.14
69.40
71.20
71.16
70.97
71.52
71.81
72.06
72.38
71.93
72.20
73.74
72.90
73.05
74.00
74.08
74.03
74.37
74.41
74.66
74.34
74.10
74.78
74.71
74.90
75.12
75.00
75.20
76.10
76.08
75.36
74.88
75.48
74.93
75.41
75.37
75.59
76.44
76.19
75.76
75.99
75.70
74.49
74.33
73.68
74.76
73.99
74.19
73.34
73.24
73.66
73.46
73.57
73.71
74.08
74.36
76.43
75.59
75.54
75.70
76.27
77.03
77.29
77.60
77.71
78.23
77.89
79.40
79.74
79.79
79.92
80.12
80.07
80.01
80.29
80.63
80.28
80.65
81.84
82.10
82.80
83.59
84.50
84.90
84.95
85.95
84.31
84.59
84.71
85.53
85.09
85.61
85.39
86.69
86.83
86.01
85.90
86.85
87.05
84.71
80.08
81.69
83.05
80.23
78.68
80.16
79.15
79.74
81.81
81.35
79.58
81.35
84.07
83.79
85.25
84.27
84.80
82.00
81.77
82.89
82.83
82.40
82.61
84.37
82.76
81.91
81.55
81.34
80.76
80.05
80.03
79.92
78.08
76.97
79.70
78.84
78.32
79.18
77.71
78.61
79.15
79.14
77.26
76.92
77.38
77.06
77.56
77.22
77.92
78.37
78.54
77.94
77.46
77.70
76.84
76.43
77.29
77.07
75.61
74.86
74.58
74.07
75.21
76.08
76.65
77.48
78.10
78.34
78.65
78.38
78.53
78.42
78.79
80.59
80.47
80.29
80.18
79.94
78.74
79.42
78.55
79.18
79.48
79.26
79.81
80.29
80.31
80.66
80.46
79.89
79.89
79.87
80.23
78.70
78.89
77.71
78.58
78.42
79.07
78.26
78.41
78.68
78.68
78.62
78.63
78.92
79.72
79.96
78.59
80.14
81.50
81.17
82.26
82.88
82.04
81.98
81.42
84.48
84.80
85.49
84.66
83.76
85.42
84.90
84.41
84.26
84.29
84.64
84.78
84.48
83.76
83.18
83.34
82.91
83.90
84.61
85.05
85.58
83.85
83.46
83.93
85.19
84.64
84.09
83.44
82.88
83.01
83.56
84.03
83.08
84.11
84.08
84.26
85.29
86.72
86.70
87.84
88.42
89.27
89.41
88.32
87.92
87.83
87.90
87.99
88.68
89.02
88.75
88.35
87.51
87.85
85.51
82.52
81.42
81.58
82.02
83.39
81.86
81.15
80.98
79.55
81.83
76.82
78.29
77.55
76.21
77.17
78.17
80.29
80.20
80.08
80.52
82.16
82.66
82.26
80.74
81.26
81.11
81.64
81.89
80.46
79.30
79.11
81.21
80.54
77.21
77.24
76.27
76.68
77.78
76.07
76.43
75.17
75.15
74.85
75.31
75.05
74.76
72.57
72.86
71.62
68.99
66.82
64.23
66.71
66.56
66.29
67.01
68.16
65.12
67.35
67.32
68.53
68.80
69.48
69.19
69.76
69.89
69.77
70.97
71.68
69.89
73.66
72.72
72.88
72.42
74.16
74.97
74.30
74.88
74.98
76.00
76.38
75.97
77.09
77.23
78.02
78.30
78.12
80.40
80.96
80.82
79.50
80.41
80.72
80.04
79.86
79.09
79.15
79.13
79.26
78.91
78.33
78.05
79.30
78.46
79.70
79.86
79.24
79.86
79.62
78.86
79.85
78.76
78.92
79.38
79.48
80.09
81.11
83.82
83.01
82.64
83.51
84.15
84.05
83.23
82.86
83.59
85.15
84.68
85.17
85.46
86.22
86.16
88.12
87.85
87.94
88.60
89.44
89.75
89.10
87.98
89.13
88.23
85.24
86.26
86.13
86.32
83.05
84.32
84.32
85.12
84.17
84.00
85.61
85.22
82.10
82.69
81.76
81.48
80.81
79.48
79.84
81.42
82.67
82.86
83.17
80.56
77.37
78.08
78.55
78.85
78.18
79.69
79.77
81.83
81.03
81.93
81.20
80.40
81.16
81.94
82.66
83.05
83.70
83.41
82.36
82.06
82.10
82.66
84.15
83.85
83.82
81.88
82.63
83.32
83.67
84.92
84.49
85.81
85.36
85.41
85.15
84.08
82.97
82.32
79.14
81.06
81.19
82.74
82.59
80.57
81.15
78.23
77.87
78.70
79.70
79.72
80.13
80.53
77.67
78.97
78.40
79.84
81.50
81.96
81.16
82.47
83.72
84.13
84.40
84.27
85.56
86.51
86.88
86.90
86.35
86.63
86.55
85.32
85.38
85.26
86.11
86.55
85.83
85.92
84.20
82.11
82.57
83.83
83.51
82.31
83.05
84.28
85.68
85.54
85.68
86.04
86.95
86.09
87.07
88.99
88.05
90.27
89.97
90.02
89.36
90.52
90.36
92.31
92.83
93.05
93.34
93.60
93.69
93.28
93.39
93.34
93.21
94.00
93.84
93.37
92.29
92.70
92.95
92.84
93.22
93.66
93.35
91.25
90.45
90.95
91.42
92.50
92.02
91.49
92.68
94.03
93.81
94.06
93.53
92.96
93.59
94.08
94.29
94.13
94.85
94.58
94.32